0002
0007
0008
0009
0010
0011
0012
0013
0017
0021
0022
0025
0032
0035
0036
0037
0038
0040
0041
0045
0046
0047
0048
0050
0052
0053
0054
0055
0056
0058
0061
0067
0069
0076
0077
0078
0079
0080
0092
0093
0095
0097
0098
0102
0105
0106
0107
0109
0114
0122
0124
0125
0127
0130
0131
0135
0136
0137
0142
0144
0145
0146
0147
0150
0151
0152
0156
0174
0178
0179
0180
0181
0185
0190
0192
0197
0198
0201
0205
0206
0208
0211
0212
0214
0216
0219
0220
0221
0223
0224
0228
0232
0236
0239
0241
0245
0246
0251
0252
0253
0262
0268
0271
0272
0273
0274
0276
0277
0278
0279
0281
0282
0283
0284
0285
0287
0289
0291
0295
0296
0297
0299
0303
0304
0305
0307
0314
0317
0318
0320
0322
0323
0324
0325
0326
0327
0328
0329
0332
0334
0335
0336
0339
0340
0341
0343
0344
0346
0348
0349
0351
0354
0355
0356
0357
0363
0371
0373
0375
0376
0380
0381
0385
0386
0387
0392
0395
0397
0398
0399
0401
0404
0405
0406
0408
0411
0412
0413
0414
0416
0424
0426
0429
0431
0432
0434
0435
0437
0438
0439
0440
0441
0443
0445
0448
0450
0454
0455
0458
0461
0463
0469
0471
0472
0473
0476
0482
0485
0486
0488
0493
0494
0495
0497
0498
0500
0501
0507
0508
0509
0514
0516
0517
0522
0524
0525
0526
0530
0533
0534
0537
0538
0539
0540
0541
0550
0551
0552
0553
0554
0555
0556
0557
0558
0559
0560
0561
0562
0567
0569
0571
0572
0573
0574
0575
0579
0580
0582
0589
0590
0593
0594
0595
0598
0599
0601
0606
0610
0612
0613
0615
0617
0619
0625
0626
0628
0629
0630
0632
0634
0635
0636
0637
0638
0639
0644
0647
0649
0650
0654
0655
0657
0661
0663
0668
0674
0677
0678
0684
0685
0686
0687
0688
0692
0693
0694
0697
0698
0700
0704
0705
0706
0708
0709
0712
0713
0715
0716
0719
0722
0723
0725
0726
0728
0729
0730
0731
0733
0738
0741
0743
0744
0746
0747
0748
0749
0751
0752
0755
0759
0760
0764
0765
0766
0770
0776
0778
0781
0782
0783
0793
0796
0799
0803
0804
0805
0807
0809
0811
0812
0813
0815
0817
0820
0823
0824
0825
0830
0831
0833
0835
0838
0840
0842
0844
0846
0849
0855
0858
0859
0861
0862
0865
0866
0867
0871
0872
0877
0878
0879
0883
0885
0886
0893
0898
0900
0902
0904
0905
0907
0909
0912
0914
0916
0917
0920
0922
0925
0926
0928
0929
0931
0932
0935
0936
0938
0941
0944
0950
0955
0958
0959
0962
0964
0967
0975
0977
0979
0981
0985
0989
0991
0992
0994
0996
0997
0999
1000
1002
1008
1009
1010
1011
1013
1014
1019
1021
1022
1025
1031
1034
1036
1037
1041
1042
1043
1045
1046
1048
1049
1051
1055
1056
1061
1063
1067
1073
1076
1079
1080
1082
1084
1085
1087
1089
1090
1091
1094
1098
1099
1100
1101
1102
1107
1108
1109
1110
1114
1116
1123
1124
1129
1132
1134
1136
1137
1139
1140
1141
1143
1145
1149
1150
1152
1155
1156
1157
1159
1160
1165
1167
1171
1174
1176
1177
1179
1180
1183
1185
1188
1189
1200
1203
1206
1208
1209
1211
1213
1217
1222
1231
1233
1234
1239
1242
1246
1254
1256
1259
1260
1263
1264
1268
1269
1270
1271
1273
1274
1275
1276
1277
1278
1284
1285
1289
1290
1294
1296
1303
1304
1306
1307
1308
1309
1310
1311
1313
1322
1324
1328
1330
1333
1334
1337
1338
1339
1341
1346
1347
1348
1352
1353
1356
1357
1359
1360
1362
1364
1366
1367
1368
1369
1370
1371
1372
1373
1376
1377
1383
1391
1392
1393
1397
1399
1401
1402
1408
1409
1411
1412
1413
1414
1416
1418
1419
1422
1424
1425
1427
1428
1432
1440
1441
1442
1443
1447
1449
1451
1453
1456
1459
1463
1464
1465
1466
1467
1469
1471
1472
1473
1474
1484
1491
1495
1496
1499
1501
1502
1503
1507
1515
1518
1521
1525
1526
1534
1538
1539
1544
1547
1548
1557
1563
1565
1569
1574
1575
1576
1577
1580
1583
1584
1586
1588
1589
1590
1593
1594
1595
1596
1601
1605
1609
1610
1611
1618
1622
1623
1630
1636
1637
1644
1645
1649
1650
1653
1655
1656
1658
1661
1662
1665
1670
1679
1680
1682
1684
1685
1686
1689
1691
1695
1696
1698
1700
1701
1712
1716
1717
1719
1720
1722
1724
1728
1729
1731
1732
1735
1737
1740
1743
1744
1746
1747
1749
1753
1754
1756
1772
1775
1776
1778
1780
1787
1790
1791
1792
1795
1796
1797
1799
