63
 198.6 263.2 213.2 370.7 
 138.9 256.8 167.6 331.4 
 239.3 249.6 270.9 309.9 
 176.2 341.4 233.6 355.7 
 271.2 356.1 274.1 315.5 
 184.1 173.2 198.6 254.5 
71
 199.0 263.4 207.8 371.0 
 140.3 261.1 157.6 329.9 
 234.0 245.9 271.8 315.7 
 169.0 338.5 226.4 358.6 
 271.8 312.8 274.7 347.7 
 184.5 170.3 202.0 257.5 
80
 198.6 262.5 210.3 367.0 
 143.5 253.8 163.8 335.1 
 236.4 253.8 274.1 317.7 
 167.6 335.0 233.6 357.9 
 276.6 322.0 270.9 350.7 
 184.1 169.6 195.7 250.9 
89
 199.0 262.6 216.5 367.4 
 140.9 259.7 161.2 335.4 
 271.8 312.1 239.8 253.9 
 164.7 340.7 233.6 360.8 
 271.8 309.2 277.6 355.7 
 187.4 169.5 199.0 256.8 
829
 410.6 164.5 407.7 402.6 
 340.9 196.5 317.7 303.9 
 503.5 176.1 529.6 280.7 
 317.7 309.7 262.5 367.8 
 457.0 269.0 532.5 280.7 
 407.7 161.6 399.0 39.7 
840
 402.7 167.4 391.0 400.1 
 332.5 215.2 315.3 309.9 
 504.6 175.0 516.1 275.4 
 315.3 315.6 269.4 361.5 
 516.1 281.2 447.3 307.0 
 396.9 36.5 402.7 155.7 
852
 401.9 169.6 396.1 399.0 
 340.9 201.5 320.6 311.9 
 509.3 184.1 515.1 306.1 
 320.6 314.8 265.4 372.8 
 445.4 326.4 512.2 306.1 
 399.0 163.8 390.3 39.0 
864
 402.7 175.4 394.0 399.4 
 347.4 192.8 324.1 306.3 
 504.5 172.5 501.6 288.8 
 263.0 367.4 321.2 312.1 
 420.1 294.6 501.6 291.7 
 399.8 175.4 391.0 47.4 
1108
 401.9 166.0 390.3 398.2 
 346.9 189.4 335.4 278.3 
 510.4 189.4 496.0 286.9 
 332.5 286.9 289.5 341.4 
 421.5 318.5 498.9 286.9 
 396.1 166.0 396.1 44.0 
1113
 399.8 171.7 382.3 395.7 
 345.4 183.6 331.1 286.9 
 508.9 195.1 503.2 307.0 
 331.1 298.4 285.2 347.1 
 501.8 307.0 428.6 350.0 
 394.0 171.7 391.0 49.5 
1119
 399.0 179.8 390.3 403.3 
 346.7 191.4 332.2 290.1 
 503.5 188.5 500.6 313.3 
 332.2 293.0 288.6 348.2 
 500.6 316.2 428.0 362.7 
 390.3 171.1 396.1 43.3 
1132
 408.5 162.3 399.8 403.7 
 353.2 188.5 338.7 299.0 
 510.3 191.4 524.9 313.5 
 338.7 296.1 292.1 348.5 
 522.0 316.5 481.2 383.4 
 399.8 159.4 399.8 43.0 
1140
 316.2 155.8 313.3 324.2 
 261.1 179.0 217.5 292.3 
 354.0 173.2 371.4 274.9 
 220.4 292.3 237.8 391.0 
 374.3 277.8 412.0 362.0 
 319.1 138.4 316.2 48.4 
1141
 332.6 149.8 322.5 332.3 
 270.1 170.0 217.7 295.1 
 361.3 171.7 383.3 276.5 
 216.0 296.8 236.3 386.4 
 383.3 271.5 432.3 361.0 
 330.9 137.9 324.2 41.6 
1142
 329.2 148.1 325.9 342.4 
 271.8 178.5 222.8 298.5 
 373.2 178.5 396.8 271.5 
 219.4 296.8 234.6 391.5 
 396.8 271.5 445.9 356.0 
 336.0 139.6 327.5 48.4 
1143
 341.1 154.8 337.7 349.2 
 287.0 181.9 229.5 300.2 
 373.2 178.5 410.4 278.2 
 227.8 298.5 232.9 401.6 
 410.4 278.2 454.3 359.3 
 336.0 143.0 337.7 56.8 
1305
 421.5 163.6 392.8 309.9 
 362.7 152.1 339.7 226.7 
 481.7 172.2 464.5 246.7 
 339.7 238.1 402.8 163.6 
 458.7 264.0 441.5 189.4 
 425.8 63.2 408.5 117.7 
1315
 398.5 152.1 412.9 292.6 
 341.1 157.8 309.6 266.8 
 470.2 155.0 487.4 255.4 
 312.5 261.1 349.7 198.0 
 487.4 269.7 432.9 212.3 
 415.7 45.9 401.4 111.9 
1326
 438.7 157.1 447.3 320.6 
 375.6 168.6 346.9 251.8 
 516.1 165.7 547.7 263.2 
 332.5 263.2 352.6 260.4 
 544.8 266.1 487.4 248.9 
 455.9 42.4 444.4 108.3 
1349
 481.7 154.2 467.4 335.0 
 411.4 171.4 388.5 240.3 
 553.4 180.1 619.4 260.4 
 389.9 243.2 398.5 314.9 
 622.3 269.0 567.8 326.3 
 493.2 65.3 481.7 119.8 
1413
 422.9 169.3 420.0 284.0 
 382.7 241.0 394.2 175.0 
 474.5 177.9 486.0 252.5 
 382.7 252.5 371.3 298.4 
 486.0 261.1 474.5 318.5 
 425.1 155.8 428.0 83.2 
1425
 425.8 172.2 420.0 278.3 
 391.3 169.3 379.9 243.9 
 471.7 172.2 483.1 246.7 
 379.9 249.6 374.1 298.4 
 483.1 246.7 497.5 315.6 
 420.1 83.0 426.0 155.7 
1438
 416.4 163.8 416.4 288.6 
 381.5 184.1 378.6 259.6 
 468.6 166.7 483.2 245.1 
 375.7 262.5 372.8 320.6 
 480.3 245.1 489.0 323.5 
 413.5 155.1 401.9 91.2 
1465
 417.2 291.7 411.4 163.7 
 370.7 253.9 385.2 184.1 
 460.9 160.8 478.3 242.3 
 373.6 253.9 373.6 315.0 
 481.2 251.0 484.1 326.6 
 411.4 166.6 396.9 85.2 
2108
 351.2 140.6 354.0 246.7 
 302.4 132.0 319.6 206.6 
 411.4 140.6 382.7 212.3 
 322.5 215.2 339.7 284.0 
 382.7 220.9 362.7 281.2 
 349.6 42.6 349.6 129.7 
2132
 353.2 141.2 356.1 263.4 
 303.8 138.3 324.1 237.2 
 414.3 144.1 382.3 237.2 
 327.0 237.2 341.6 307.0 
 364.9 301.2 382.3 237.2 
 350.3 141.2 350.3 48.1 
2207
 367.0 160.9 369.9 311.9 
 297.4 155.1 323.5 268.3 
 448.3 158.0 401.9 265.4 
 323.5 274.1 349.6 381.5 
 401.9 268.3 375.7 375.7 
 364.1 33.2 364.1 158.0 
2209
 363.0 153.1 366.4 317.1 
 295.4 151.5 324.2 285.0 
 449.2 154.8 400.2 279.9 
 324.2 285.0 347.8 383.0 
 376.6 377.9 396.8 276.5 
 359.7 151.5 361.3 29.8 
6170
 430.9 187.8 428.0 399.7 
 340.9 211.0 314.8 338.7 
 509.3 208.1 526.7 347.4 
 381.5 295.2 311.9 344.5 
 509.3 327.1 529.6 353.2 
 430.9 182.0 433.8 33.9 
6220
 391.0 167.4 379.4 333.2 
 315.4 187.7 324.1 263.4 
 460.9 190.6 516.1 269.2 
 327.0 269.2 306.7 324.5 
 522.0 277.9 556.9 304.1 
 388.1 53.9 391.0 155.7 
6470
 253.8 158.0 256.7 323.5 
 184.1 178.3 174.0 279.9 
 311.9 163.8 326.4 268.3 
 166.7 288.6 233.5 262.5 
 329.3 265.4 300.3 250.9 
 253.8 155.1 259.6 41.9 
7028
 336.9 168.4 321.7 305.0 
 274.7 169.5 236.9 271.4 
 402.7 176.9 465.0 220.7 
 286.3 276.3 237.4 262.9 
 471.8 222.4 539.2 230.8 
 344.5 41.5 347.4 155.0 
7479
 547.0 132.6 541.2 248.7 
 491.9 150.0 474.5 222.6 
 581.9 155.8 590.6 240.0 
 477.4 225.5 491.9 251.6 
 587.7 234.2 564.5 260.3 
 541.2 132.6 535.4 71.6 
7522
 251.4 141.2 271.8 301.2 
 222.3 158.6 181.6 211.0 
 277.6 164.5 324.1 228.5 
 178.7 213.9 97.2 211.0 
 327.0 234.3 335.8 298.3 
 236.9 141.2 228.1 53.9 
7526
 252.6 149.9 272.8 296.6 
 212.6 163.3 197.4 239.3 
 312.3 239.3 270.1 165.0 
 119.7 193.7 194.0 236.0 
 315.7 327.2 315.7 241.0 
 225.6 126.3 218.9 67.3 
7530
 224.4 144.7 239.7 315.4 
 194.0 156.5 185.6 254.5 
 254.9 170.0 290.4 261.3 
 182.2 251.2 121.3 197.1 
 292.0 261.3 261.6 308.6 
 210.9 137.9 205.9 65.3 
8616
 396.8 154.8 398.5 293.4 
 344.4 181.9 337.7 274.8 
 439.1 165.0 476.3 227.5 
 334.3 274.8 341.1 354.3 
 452.6 279.9 478.0 227.5 
 393.5 143.0 388.4 72.0 
8643
 408.7 153.1 398.5 285.0 
 363.0 165.0 342.8 266.4 
 435.7 166.7 450.9 230.9 
 341.1 266.4 356.3 342.4 
 444.2 266.4 452.6 227.5 
 407.0 143.0 410.4 75.4 
8671
 418.8 144.7 412.0 283.3 
 383.3 159.9 332.6 207.2 
 469.5 165.0 521.9 237.6 
 330.9 215.7 359.7 269.8 
 481.3 291.7 525.3 239.3 
 412.0 137.9 418.8 65.3 
8783
 444.2 134.5 452.6 268.1 
 398.5 161.6 373.2 237.6 
 476.3 161.6 532.0 215.7 
 369.8 239.3 381.6 283.3 
 491.5 261.3 533.7 217.4 
 442.5 131.2 439.1 68.6 
25837
 406.2 129.7 403.3 286.5 
 351.1 147.1 342.4 240.0 
 458.5 155.8 461.4 248.7 
 339.5 240.0 330.7 312.6 
 461.4 254.5 449.8 315.5 
 412.0 42.6 412.0 123.9 
25845
 398.3 129.5 401.2 277.9 
 348.9 144.1 337.2 245.9 
 447.8 155.7 468.1 245.9 
 334.3 257.5 348.9 324.5 
 468.1 251.7 482.7 321.5 
 407.0 120.8 410.0 45.2 
25869
 412.0 146.4 414.9 311.9 
 354.0 169.6 345.3 262.5 
 470.1 166.7 493.3 256.7 
 339.5 268.3 345.3 346.7 
 496.2 259.6 516.5 340.9 
 403.3 53.5 412.0 143.5 
25877
 440.8 361.0 429.0 156.5 
 361.3 296.8 371.5 197.1 
 498.2 178.5 501.6 298.5 
 361.3 298.5 359.7 374.5 
 499.9 298.5 471.2 369.5 
 429.0 153.1 422.2 63.6 
38749
 496.2 173.2 490.4 405.5 
 420.7 196.5 426.5 289.4 
 583.3 205.2 624.0 341.6 
 429.5 295.2 426.5 335.8 
 525.3 382.3 626.9 341.6 
 487.5 173.2 504.9 39.7 
38773
 488.6 175.2 476.8 380.9 
 427.9 198.8 431.3 303.3 
 586.4 207.2 626.9 342.1 
 426.3 313.4 433.0 340.4 
 616.8 348.9 515.6 375.8 
 492.0 47.0 505.5 146.5 
38821
 493.3 178.3 510.7 401.9 
 426.5 195.7 429.5 303.2 
 589.1 204.5 624.0 346.7 
 432.4 309.0 432.4 343.8 
 626.9 349.6 519.5 375.7 
 487.5 169.6 502.0 36.1 
38853
 505.5 188.7 483.6 394.4 
 422.9 193.7 429.6 293.2 
 593.2 195.4 613.4 323.6 
 427.9 301.6 426.3 345.5 
 512.3 362.3 618.5 330.3 
 497.1 165.1 492.0 42.0 
39099
 232.4 170.1 225.6 310.1 
 168.3 190.4 170.0 288.2 
 288.0 180.2 281.2 266.2 
 170.0 296.6 202.0 347.2 
 276.2 279.7 239.1 340.4 
 230.7 80.8 230.7 148.2 
39143
 234.0 165.1 229.0 316.8 
 175.0 187.0 141.3 294.9 
 291.4 185.3 315.0 279.7 
 141.3 289.8 139.6 365.7 
 308.2 279.7 301.5 359.0 
 242.5 87.5 242.5 163.4 
39188
 234.0 185.3 223.9 308.4 
 173.3 181.9 144.7 278.0 
 291.4 192.0 303.2 284.8 
 143.0 278.0 139.6 360.7 
 303.2 283.1 299.8 367.4 
 232.4 101.0 234.0 170.1 
39242
 232.5 160.8 226.7 309.2 
 171.4 187.0 154.0 280.1 
 287.8 181.2 299.4 274.3 
 148.1 283.0 145.2 367.4 
 299.4 367.4 299.4 283.0 
 232.5 70.6 232.5 152.1 
45158
 423.6 199.4 435.3 347.4 
 371.4 216.8 345.3 324.2 
 478.8 213.9 487.5 315.5 
 342.4 327.1 412.0 286.5 
 484.6 321.3 513.6 277.8 
 426.5 196.5 426.5 89.0 
45174
 398.3 176.1 398.3 312.8 
 343.0 190.6 328.5 289.5 
 456.5 196.5 456.5 275.0 
 325.6 283.7 351.8 327.4 
 453.6 277.9 453.6 318.6 
 392.5 164.5 392.5 83.0 
45270
 278.5 175.4 284.3 282.8 
 243.6 184.1 237.8 250.9 
 342.4 175.4 319.1 248.0 
 234.9 253.8 229.1 309.0 
 322.0 245.1 304.6 184.1 
 287.2 99.9 278.5 178.3 
45335
 303.2 160.0 299.8 259.5 
 256.0 188.7 229.0 240.9 
 333.5 180.2 338.6 237.6 
 227.3 252.7 276.2 269.6 
 335.2 249.4 355.4 232.5 
 294.7 92.6 311.6 143.1 
45465
 291.4 183.6 289.7 397.8 
 203.7 229.1 193.6 323.6 
 375.7 203.8 394.2 321.9 
 190.2 333.7 215.5 357.3 
 399.3 332.0 360.5 365.7 
 256.6 36.5 287.0 173.4 
45485
 285.3 178.5 295.4 398.2 
 199.1 220.7 195.7 335.7 
 373.2 202.2 390.1 332.3 
 195.7 334.0 210.9 361.0 
 359.7 366.1 393.5 334.0 
 278.5 168.4 259.9 43.3 
45555
 281.9 178.5 283.6 399.9 
 207.5 212.3 210.9 347.5 
 374.9 205.5 400.2 350.9 
 109.5 386.4 214.3 349.2 
 396.8 352.6 430.6 403.3 
 270.1 170.0 280.2 26.4 
45562
 281.9 180.2 287.0 405.0 
 207.5 215.7 207.5 354.3 
 373.2 208.9 408.7 347.5 
 207.5 352.6 124.7 401.6 
 407.0 345.8 484.7 386.4 
 281.9 173.4 275.1 34.8 
46582
 234.9 144.2 234.9 234.2 
 205.9 164.5 185.6 216.8 
 269.8 158.7 290.1 216.8 
 185.6 222.6 176.9 272.0 
 293.0 222.6 310.4 251.6 
 237.8 141.3 237.8 89.0 
46602
 264.4 144.8 259.3 230.8 
 223.9 154.9 203.7 222.4 
 298.1 158.3 303.2 225.8 
 203.7 224.1 200.3 284.8 
 305.2 263.4 302.3 225.5 
 267.8 79.1 266.1 131.3 
46627
 239.1 141.5 232.4 239.3 
 191.9 156.6 178.4 234.2 
 272.8 156.6 272.8 217.3 
 180.1 235.9 180.1 294.9 
 274.5 222.4 256.0 205.5 
 240.8 82.4 242.5 138.1 
46652
 272.8 136.4 272.8 246.0 
 235.7 156.6 207.1 214.0 
 313.3 163.4 316.7 239.3 
 212.1 221.9 223.8 288.8 
 299.4 245.2 316.9 236.5 
 267.8 82.4 271.1 134.7 
52582
 423.6 245.8 423.6 402.6 
 295.9 216.8 365.6 260.3 
 470.1 260.3 531.1 184.9 
 295.9 213.9 333.6 141.3 
 531.1 182.0 510.7 112.3 
 417.8 240.0 417.8 170.3 
52606
 427.9 246.0 431.3 401.1 
 296.4 217.3 370.6 266.2 
 481.9 271.3 535.9 190.4 
 298.1 219.0 330.1 131.3 
 534.2 187.0 515.6 109.4 
 417.8 161.7 424.6 239.3 
52630
 423.6 242.2 420.7 404.8 
 359.8 253.8 293.0 207.4 
 481.7 253.8 534.0 178.3 
 290.1 210.3 324.9 134.8 
 504.9 97.0 531.1 178.3 
 414.9 250.9 417.8 155.1 
52750
 415.8 251.0 412.9 405.2 
 340.1 262.6 255.8 204.5 
 476.9 268.5 567.0 181.2 
 261.6 204.5 302.3 120.1 
 567.0 187.0 538.0 82.3 
 410.0 251.0 412.9 152.1 
58271
 443.1 148.2 453.2 320.2 
 380.7 158.3 353.8 244.3 
 498.8 153.3 527.4 242.6 
 352.1 251.1 387.5 256.1 
 529.1 242.6 500.5 256.1 
 426.3 40.3 441.4 139.8 
58280
 468.1 152.8 468.1 365.2 
 401.2 176.1 383.8 289.5 
 540.9 176.1 555.4 280.8 
 380.9 292.5 453.6 321.5 
 529.2 295.4 558.3 283.7 
 462.3 152.8 456.5 42.3 
58284
 467.2 158.0 478.8 364.1 
 417.8 178.3 391.7 291.5 
 536.9 160.9 592.0 285.7 
 388.8 291.5 409.1 329.3 
 542.7 303.2 594.9 288.6 
 458.5 152.2 464.3 33.2 
58286
 471.0 163.7 471.0 364.5 
 415.8 184.1 395.4 297.5 
 555.4 175.4 599.0 294.6 
 392.5 300.5 401.2 332.5 
 540.9 317.9 596.1 297.5 
 465.2 155.0 465.2 32.8 
58835
 441.4 193.7 448.2 362.3 
 387.5 205.5 382.4 301.6 
 495.4 205.5 505.5 293.2 
 382.4 305.0 434.7 372.5 
 505.5 289.8 510.6 367.4 
 434.7 94.2 441.4 187.0 
58846
 436.1 167.4 436.1 304.1 
 398.3 184.8 389.6 269.2 
 468.1 181.9 482.7 248.8 
 389.6 272.1 412.9 312.8 
 485.6 257.5 468.1 318.6 
 433.2 164.5 430.3 97.5 
58906
 409.1 152.2 409.1 236.4 
 385.9 160.9 388.8 219.0 
 441.1 166.7 441.1 219.0 
 391.7 224.8 406.2 256.7 
 420.7 259.6 441.1 221.9 
 403.3 149.3 406.2 105.7 
58918
 389.6 146.3 383.8 230.6 
 363.4 160.8 351.8 204.5 
 404.1 152.1 415.8 201.5 
 351.8 207.4 363.4 236.5 
 415.8 201.5 430.3 239.4 
 383.8 152.1 389.6 108.5 
