6849
 320.6 164.5 329.3 272.0 
 277.0 179.0 198.6 150.0 
 355.4 164.5 433.8 158.7 
 198.6 147.1 143.5 100.7 
 430.9 158.7 477.4 109.4 
 311.9 155.8 309.0 80.3 
6861
 300.9 164.5 300.9 275.0 
 268.9 170.3 196.1 181.9 
 353.2 167.4 414.3 181.9 
 193.2 181.9 143.8 147.0 
 414.3 181.9 475.4 181.9 
 295.0 152.8 300.9 74.3 
6873
 309.0 160.9 309.0 277.0 
 262.5 169.6 207.4 219.0 
 346.7 163.8 396.1 236.4 
 207.4 221.9 134.8 250.9 
 396.1 239.3 448.3 285.7 
 317.7 155.1 320.6 82.5 
6879
 332.9 160.8 327.0 277.2 
 286.3 166.6 242.7 221.9 
 370.7 163.7 399.8 248.1 
 239.8 224.8 175.8 280.1 
 402.7 251.0 437.6 303.4 
 332.9 160.8 335.8 76.5 
8615
 301.5 178.6 267.8 353.9 
 242.5 187.0 188.5 264.5 
 365.6 207.2 320.0 320.2 
 185.1 266.2 196.9 350.5 
 320.0 318.5 318.3 399.4 
 304.9 161.7 313.3 63.9 
8625
 278.5 159.9 266.7 352.6 
 226.1 176.8 175.4 266.4 
 344.4 188.6 325.9 295.1 
 175.4 264.7 195.7 350.9 
 334.3 371.2 330.9 295.1 
 278.5 158.2 292.0 66.9 
8635
 270.1 149.8 270.1 347.5 
 205.9 180.2 192.3 285.0 
 327.5 181.9 339.4 285.0 
 192.3 285.0 207.5 374.5 
 327.5 366.1 339.4 285.0 
 268.4 154.8 278.5 68.6 
8648
 271.8 148.1 297.1 332.3 
 210.9 176.8 222.8 291.7 
 334.3 175.1 363.0 276.5 
 222.8 290.0 232.9 374.5 
 349.5 349.2 363.0 274.8 
 270.1 146.4 281.9 61.9 
9752
 287.7 135.2 297.7 342.8 
 210.6 157.0 210.6 277.5 
 356.3 148.6 383.1 249.0 
 207.3 280.9 229.1 374.6 
 399.8 342.8 383.1 247.4 
 277.6 130.2 279.3 26.3 
9754
 284.3 133.5 299.4 342.8 
 217.3 163.7 212.3 274.2 
 364.7 151.9 389.8 257.4 
 210.6 274.2 219.0 367.9 
 386.5 257.4 409.9 346.2 
 279.3 130.2 284.3 28.0 
9760
 296.0 135.2 301.1 334.4 
 242.5 165.3 227.4 249.0 
 381.4 157.0 393.2 267.5 
 227.4 250.7 202.3 339.5 
 394.8 267.5 396.5 376.3 
 291.0 125.1 294.4 21.3 
9763
 302.7 131.8 302.7 337.8 
 247.5 160.3 239.1 247.4 
 379.8 153.6 384.8 262.4 
 239.1 244.0 215.7 341.1 
 384.8 264.1 361.3 376.3 
 296.0 121.8 297.7 28.0 
9819
 440.0 148.6 441.7 277.5 
 393.2 170.3 376.4 229.0 
 483.6 143.6 515.4 212.2 
 373.1 225.6 423.3 257.4 
 476.9 240.7 512.0 208.9 
 435.0 150.3 425.0 64.9 
9825
 445.1 158.6 443.4 274.2 
 389.8 162.0 368.0 229.0 
 483.6 148.6 508.7 207.2 
 369.7 234.0 414.9 255.7 
 483.6 234.0 510.4 210.5 
 435.0 157.0 433.3 74.9 
9829
 438.4 162.0 445.1 262.4 
 388.1 168.7 371.4 225.6 
 483.6 145.2 512.0 205.5 
 369.7 227.3 416.6 260.8 
 488.6 237.3 510.4 205.5 
 431.7 157.0 431.7 79.9 
9839
 440.0 163.7 445.1 274.2 
 393.2 163.7 374.7 230.6 
 486.9 143.6 513.7 203.8 
 373.1 229.0 418.3 254.1 
 490.3 240.7 512.0 203.8 
 438.4 163.7 431.7 85.0 
10080
 467.8 143.0 454.3 334.0 
 395.1 168.4 385.0 291.7 
 523.6 165.0 545.6 283.3 
 386.7 291.7 413.7 379.6 
 530.4 374.5 545.6 281.6 
 466.1 137.9 456.0 43.3 
10082
 466.1 137.9 452.6 328.9 
 390.1 161.6 378.2 274.8 
 515.1 159.9 543.9 273.1 
 376.6 274.8 403.6 371.2 
 547.3 367.8 547.3 273.1 
 461.1 132.9 445.9 38.2 
10084
 450.9 137.9 445.9 330.6 
 383.3 159.9 369.8 278.2 
 508.4 158.2 533.7 261.3 
 366.4 281.6 391.8 357.6 
 555.7 345.8 533.7 263.0 
 450.9 136.2 442.5 34.8 
10090
 439.1 137.9 437.4 327.2 
 366.4 159.9 351.2 273.1 
 488.1 156.5 493.2 246.1 
 347.8 273.1 364.7 340.7 
 543.9 312.0 493.2 247.8 
 434.0 132.9 425.6 34.8 
10124
 346.3 136.9 351.3 334.4 
 287.7 155.3 286.0 279.2 
 384.8 168.7 438.4 269.1 
 289.3 282.5 379.8 302.6 
 435.0 265.8 507.0 317.7 
 336.2 130.2 341.2 29.7 
10131
 339.6 140.2 341.2 341.1 
 279.3 155.3 289.3 287.6 
 379.8 162.0 435.0 264.1 
 287.7 282.5 376.4 301.0 
 433.3 267.5 512.0 316.0 
 326.2 135.2 334.5 33.0 
10135
 334.5 140.2 341.2 342.8 
 275.9 158.6 287.7 282.5 
 379.8 165.3 416.6 272.5 
 289.3 284.2 378.1 306.0 
 416.6 270.8 481.9 311.0 
 327.8 140.2 331.2 29.7 
10162
 339.6 151.9 341.2 346.2 
 279.3 167.0 311.1 301.0 
 369.7 162.0 399.8 277.5 
 311.1 297.6 403.2 339.5 
 401.5 275.8 364.7 332.8 
 336.2 146.9 341.2 36.4 
10172
 302.7 135.2 309.4 337.8 
 234.1 155.3 237.4 230.6 
 368.0 141.9 393.2 220.6 
 158.7 244.0 232.4 230.6 
 393.2 220.6 443.4 249.0 
 302.7 133.5 304.4 33.0 
10204
 279.3 131.8 292.7 326.1 
 200.6 151.9 188.9 239.0 
 331.2 138.5 359.7 213.9 
 105.2 272.5 192.2 242.3 
 361.3 213.9 416.6 234.0 
 282.6 123.5 287.7 31.4 
10232
 270.9 130.2 282.6 334.4 
 202.3 150.3 183.8 259.1 
 339.6 146.9 373.1 245.7 
 180.5 264.1 170.5 361.2 
 371.4 247.4 403.2 339.5 
 267.6 128.5 267.6 24.7 
10257
 260.9 126.8 277.6 324.4 
 209.0 158.6 177.2 250.7 
 342.9 153.6 369.7 234.0 
 88.4 237.3 180.5 255.7 
 364.7 235.7 419.9 232.3 
 252.5 123.5 245.8 28.0 
10980
 291.0 173.7 265.9 274.2 
 207.3 190.4 168.8 312.7 
 346.3 170.3 396.5 259.1 
 170.5 314.3 197.2 381.3 
 411.6 341.1 396.5 257.4 
 302.7 165.3 297.7 49.8 
10983
 297.7 140.2 270.9 290.9 
 210.6 173.7 168.8 290.9 
 342.9 146.9 388.1 245.7 
 168.8 292.6 205.6 356.2 
 408.2 304.3 389.8 242.3 
 297.7 130.2 289.3 34.7 
10985
 291.0 118.4 275.9 277.5 
 205.6 148.6 175.5 265.8 
 339.6 126.8 381.4 222.3 
 168.8 267.5 205.6 327.7 
 408.2 292.6 383.1 225.6 
 287.7 113.4 286.0 7.9 
10989
 274.3 98.3 267.6 275.8 
 193.9 131.8 163.8 247.4 
 322.8 110.1 371.4 193.8 
 160.4 245.7 190.5 282.5 
 398.2 237.3 373.1 193.8 
 270.9 91.7 277.6 4.6 
11461
 259.2 155.3 254.2 326.1 
 214.0 170.3 205.6 259.1 
 327.8 170.3 339.6 277.5 
 205.6 259.1 150.4 295.9 
 299.4 334.4 341.2 277.5 
 260.9 148.6 272.6 48.1 
11469
 244.1 158.6 242.5 334.4 
 167.1 168.7 153.7 270.8 
 307.8 162.0 321.2 270.8 
 155.4 270.8 121.9 322.7 
 321.2 270.8 322.8 327.7 
 240.8 148.6 250.8 39.7 
11478
 244.1 167.0 242.5 361.2 
 167.1 193.8 158.7 290.9 
 321.2 178.7 326.2 299.3 
 126.9 346.2 160.4 294.3 
 329.5 349.5 326.2 302.6 
 249.2 163.7 257.5 44.8 
11487
 234.1 190.4 229.1 381.3 
 142.0 218.9 131.9 326.1 
 296.0 202.2 309.4 316.0 
 135.3 324.4 113.5 373.0 
 307.8 319.4 322.8 379.7 
 234.1 185.4 242.5 64.9 
11644
 423.3 178.7 413.2 401.4 
 294.4 344.5 351.3 205.5 
 510.4 200.5 528.8 309.3 
 239.1 322.7 297.7 347.8 
 530.5 311.0 572.3 352.9 
 416.6 175.4 423.3 44.8 
11648
 460.1 155.3 448.4 398.1 
 391.5 188.8 326.2 317.7 
 547.2 178.7 592.4 301.0 
 232.4 301.0 327.8 317.7 
 590.7 304.3 620.9 324.4 
 451.8 146.9 465.2 28.0 
11653
 471.8 168.7 470.2 398.1 
 394.8 202.2 332.9 322.7 
 565.6 203.8 595.8 342.8 
 220.7 304.3 334.5 321.0 
 594.1 339.5 652.7 352.9 
 468.5 163.7 478.5 34.7 
11658
 441.7 170.3 443.4 403.1 
 358.0 197.1 316.1 302.6 
 540.5 193.8 553.9 356.2 
 185.5 304.3 317.8 302.6 
 550.5 342.8 627.6 369.6 
 433.3 167.0 446.7 29.7 
11959
 336.0 141.3 330.9 345.8 
 266.7 165.0 251.5 259.6 
 407.0 154.8 432.3 266.4 
 244.7 256.2 270.1 271.5 
 329.2 293.4 429.0 268.1 
 336.0 134.5 339.4 31.5 
12029
 329.2 137.9 325.9 339.1 
 248.1 161.6 231.2 276.5 
 398.5 158.2 418.8 268.1 
 232.9 274.8 266.7 288.4 
 383.3 305.3 418.8 268.1 
 327.5 131.2 327.5 26.4 
12036
 320.8 141.3 319.1 340.7 
 243.0 163.3 229.5 273.1 
 393.5 161.6 415.4 264.7 
 227.8 273.1 273.5 295.1 
 374.9 298.5 415.4 263.0 
 319.1 139.6 324.2 29.8 
12074
 312.3 134.5 322.5 356.0 
 249.8 163.3 236.3 271.5 
 391.8 156.5 422.2 268.1 
 231.2 266.4 258.2 295.1 
 341.1 301.9 422.2 268.1 
 314.0 134.5 314.0 23.0 
12101
 438.4 116.8 430.0 270.8 
 386.5 140.2 379.8 220.6 
 493.6 135.2 497.0 222.3 
 381.4 222.3 368.0 284.2 
 495.3 218.9 498.6 282.5 
 430.0 106.7 440.0 34.7 
12111
 436.7 118.4 430.0 282.5 
 389.8 133.5 379.8 218.9 
 491.9 138.5 495.3 232.3 
 379.8 218.9 361.3 270.8 
 497.0 232.3 485.2 306.0 
 431.7 115.1 438.4 38.1 
12121
 430.0 116.8 425.0 284.2 
 386.5 135.2 373.1 212.2 
 483.6 135.2 488.6 220.6 
 369.7 217.2 374.7 279.2 
 478.5 299.3 488.6 223.9 
 430.0 113.4 431.7 34.7 
12126
 430.0 116.8 421.6 279.2 
 383.1 136.9 371.4 222.3 
 483.6 138.5 486.9 237.3 
 366.4 223.9 374.7 274.2 
 473.5 289.2 485.2 239.0 
 428.3 116.8 433.3 39.7 
16193
 192.2 158.6 200.6 342.8 
 128.6 172.0 108.5 264.1 
 249.2 172.0 294.4 237.3 
 108.5 265.8 101.8 349.5 
 297.7 244.0 349.6 195.5 
 192.2 157.0 205.6 68.2 
16197
 193.9 162.0 205.6 331.1 
 133.6 172.0 111.8 267.5 
 257.5 172.0 302.7 235.7 
 111.8 270.8 101.8 352.9 
 311.1 242.3 349.6 182.1 
 207.3 66.5 190.5 160.3 
16223
 245.8 162.0 272.6 339.5 
 195.6 178.7 168.8 275.8 
 329.5 163.7 351.3 247.4 
 168.8 275.8 153.7 351.2 
 353.0 250.7 322.8 297.6 
 247.5 158.6 249.2 56.5 
16230
 269.2 173.7 286.0 354.5 
 202.3 177.0 178.8 275.8 
 346.3 165.3 368.0 262.4 
 178.8 277.5 165.4 354.5 
 332.9 326.1 369.7 264.1 
 260.9 173.7 274.3 61.5 
25031
 334.5 151.9 329.5 334.4 
 272.6 170.3 239.1 264.1 
 403.2 177.0 396.5 274.2 
 239.1 265.8 168.8 329.4 
 391.5 324.4 398.2 274.2 
 339.6 148.6 336.2 39.7 
25037
 327.8 158.6 327.8 366.3 
 260.9 177.0 215.7 274.2 
 401.5 180.4 399.8 289.2 
 142.0 336.1 217.3 277.5 
 399.8 290.9 393.2 354.5 
 329.5 155.3 331.2 43.1 
25043
 319.5 153.6 316.1 378.0 
 257.5 198.8 214.0 277.5 
 394.8 182.1 401.5 304.3 
 140.3 336.1 210.6 279.2 
 399.8 306.0 404.9 384.7 
 329.5 150.3 327.8 38.1 
25049
 327.8 157.0 307.8 378.0 
 269.2 180.4 230.7 277.5 
 396.5 178.7 431.7 306.0 
 163.8 337.8 227.4 277.5 
 431.7 306.0 480.2 389.7 
 331.2 153.6 326.2 29.7 
28783
 337.9 151.9 334.5 292.6 
 284.3 178.7 252.5 249.0 
 388.1 160.3 403.2 247.4 
 250.8 252.4 217.3 302.6 
 399.8 250.7 418.3 309.3 
 337.9 143.6 337.9 63.2 
28790
 341.2 151.9 344.6 295.9 
 287.7 170.3 257.5 244.0 
 398.2 165.3 409.9 250.7 
 197.2 309.3 255.8 247.4 
 408.2 254.1 411.6 311.0 
 341.2 143.6 339.6 59.8 
28797
 336.2 146.9 341.2 301.0 
 284.3 172.0 264.2 242.3 
 394.8 162.0 409.9 259.1 
 210.6 306.0 262.5 242.3 
 406.5 260.8 413.2 324.4 
 332.9 146.9 332.9 59.8 
28811
 342.9 148.6 342.9 297.6 
 287.7 168.7 257.5 237.3 
 404.9 167.0 404.9 260.8 
 254.2 237.3 245.8 292.6 
 403.2 260.8 414.9 334.4 
 342.9 146.9 341.2 54.8 
28998
 337.9 150.3 342.9 309.3 
 279.3 180.4 274.3 274.2 
 399.8 170.3 408.2 265.8 
 277.6 279.2 262.5 351.2 
 404.9 264.1 423.3 332.8 
 339.6 145.2 344.6 58.2 
29002
 334.5 150.3 334.5 306.0 
 267.6 180.4 260.9 282.5 
 391.5 167.0 399.8 267.5 
 262.5 287.6 244.1 373.0 
 401.5 274.2 409.9 344.5 
 329.5 143.6 332.9 54.8 
29010
 321.2 153.6 326.2 317.7 
 249.2 182.1 242.5 277.5 
 378.1 170.3 383.1 272.5 
 219.0 376.3 237.4 280.9 
 381.4 270.8 394.8 347.8 
 321.2 146.9 327.8 54.8 
29018
 311.1 155.3 322.8 321.0 
 240.8 188.8 230.7 280.9 
 371.4 173.7 378.1 277.5 
 230.7 282.5 210.6 367.9 
 376.4 277.5 393.2 357.9 
 311.1 151.9 314.5 53.1 
32386
 364.7 141.9 358.0 324.4 
 302.7 172.0 296.0 279.2 
 423.3 175.4 438.4 274.2 
 292.7 279.2 317.8 351.2 
 438.4 272.5 473.5 361.2 
 361.3 136.9 356.3 51.5 
32398
 354.6 163.7 353.0 346.2 
 286.0 185.4 254.2 294.3 
 401.5 200.5 411.6 302.6 
 252.5 294.3 230.7 379.7 
 411.6 302.6 398.2 386.3 
 346.3 158.6 346.3 59.8 
32432
 329.5 158.6 324.5 378.0 
 249.8 193.7 182.2 312.0 
 385.0 205.5 464.4 310.3 
 178.8 306.9 124.7 288.4 
 462.8 306.9 565.9 268.1 
 329.5 153.6 332.9 53.1 
32434
 321.2 157.0 322.8 386.3 
 138.6 297.6 244.1 202.2 
 378.1 208.9 488.6 269.1 
 138.6 285.9 125.2 182.1 
 488.6 270.8 555.6 172.0 
 317.8 160.3 326.2 48.1 
41999
 255.8 160.3 262.5 304.3 
 197.2 178.7 195.6 290.9 
 314.5 170.3 326.2 265.8 
 198.9 290.9 224.0 347.8 
 306.1 342.8 324.5 267.5 
 254.2 151.9 250.8 66.5 
42005
 265.9 148.6 265.9 309.3 
 198.9 173.7 193.9 282.5 
 321.2 158.6 329.5 269.1 
 195.6 285.9 224.0 352.9 
 309.4 341.1 331.2 270.8 
 255.8 145.2 252.5 54.8 
42008
 262.5 151.9 267.6 316.0 
 198.9 182.1 195.6 289.2 
 319.5 165.3 329.5 269.1 
 195.6 290.9 222.4 359.6 
 321.2 351.2 329.5 272.5 
 257.5 151.9 250.8 58.2 
42011
 267.6 167.0 265.9 332.8 
 193.9 187.1 190.5 304.3 
 321.2 177.0 329.5 295.9 
 192.2 307.7 220.7 379.7 
 322.8 371.3 329.5 297.6 
 262.5 160.3 255.8 66.5 
48502
 329.5 131.8 324.5 297.6 
 270.9 158.6 265.9 254.1 
 378.1 153.6 383.1 249.0 
 262.5 257.4 257.5 331.1 
 391.5 321.0 378.1 249.0 
 327.8 125.1 326.2 41.4 
48521
 322.8 135.2 316.1 304.3 
 265.9 158.6 254.2 249.0 
 371.4 162.0 376.4 252.4 
 252.5 254.1 244.1 336.1 
 374.7 252.4 391.5 326.1 
 319.5 133.5 319.5 43.1 
48546
 316.1 140.2 307.8 317.7 
 259.2 165.3 242.5 267.5 
 374.7 170.3 378.1 272.5 
 244.1 267.5 232.4 362.9 
 373.1 270.8 394.8 352.9 
 307.8 140.2 317.8 41.4 
48551
 316.1 136.9 309.4 331.1 
 255.8 170.3 240.8 282.5 
 373.1 172.0 376.4 277.5 
 240.8 282.5 230.7 369.6 
 373.1 275.8 393.2 364.6 
 309.4 133.5 312.8 39.7 
50137
 292.7 160.3 291.0 294.3 
 249.2 182.1 205.6 237.3 
 332.9 182.1 383.1 245.7 
 198.9 239.0 239.1 280.9 
 346.3 285.9 383.1 245.7 
 289.3 155.3 301.1 88.3 
50147
 331.2 160.3 321.2 292.6 
 286.0 178.7 235.8 229.0 
 368.0 185.4 414.9 252.4 
 230.7 230.6 265.9 277.5 
 373.1 289.2 416.6 254.1 
 332.9 155.3 339.6 90.0 
50159
 317.8 294.3 341.2 162.0 
 296.0 177.0 247.5 222.3 
 374.7 192.1 416.6 262.4 
 245.8 223.9 277.6 274.2 
 373.1 294.3 418.3 260.8 
 344.6 160.3 356.3 88.3 
50181
 331.2 155.3 314.5 294.3 
 286.0 173.7 230.7 227.3 
 361.3 183.7 409.9 259.1 
 232.4 229.0 264.2 275.8 
 366.4 297.6 411.6 259.1 
 327.8 153.6 334.5 98.3 
50468
 264.2 126.8 259.2 262.4 
 220.7 146.9 200.6 232.3 
 309.4 145.2 319.5 232.3 
 200.6 235.7 178.8 309.3 
 317.8 235.7 336.2 295.9 
 260.9 121.8 272.6 49.8 
50492
 281.0 123.5 282.6 290.9 
 230.7 150.3 210.6 242.3 
 331.2 146.9 341.2 247.4 
 209.0 239.0 200.6 324.4 
 336.2 247.4 358.0 319.4 
 282.6 125.1 287.7 41.4 
50495
 282.6 130.2 275.9 284.2 
 227.4 153.6 212.3 247.4 
 336.2 148.6 344.6 237.3 
 209.0 249.0 192.2 331.1 
 341.2 237.3 364.7 307.7 
 282.6 123.5 294.4 41.4 
50509
 306.1 136.9 297.7 302.6 
 244.1 167.0 224.0 265.8 
 356.3 157.0 366.4 265.8 
 222.4 265.8 195.6 357.9 
 366.4 264.1 386.5 346.2 
 301.1 131.8 304.4 41.4 
53681
 321.2 162.0 326.2 401.4 
 252.5 200.5 147.0 317.7 
 386.5 193.8 455.1 294.3 
 148.7 319.4 230.7 391.4 
 401.5 369.6 456.8 294.3 
 314.5 153.6 287.7 41.4 
53710
 317.8 167.0 322.8 399.7 
 250.8 200.5 148.7 312.7 
 383.1 192.1 458.5 294.3 
 147.0 314.3 229.1 391.4 
 403.2 369.6 460.1 290.9 
 312.8 160.3 304.4 34.7 
53740
 319.5 158.6 332.9 399.7 
 249.2 200.5 145.3 314.3 
 386.5 195.5 460.1 292.6 
 143.7 312.7 232.4 394.7 
 399.8 366.3 461.8 292.6 
 316.1 151.9 296.0 36.4 
53770
 317.8 160.3 324.5 403.1 
 250.8 192.1 148.7 312.7 
 384.8 187.1 456.8 292.6 
 143.7 319.4 232.4 389.7 
 398.2 367.9 461.8 294.3 
 316.1 155.3 304.4 31.4 
56453
 210.6 158.6 217.3 366.3 
 143.7 197.1 133.6 336.1 
 270.9 190.4 277.6 312.7 
 133.6 337.8 190.5 401.4 
 274.3 383.0 277.6 312.7 
 203.9 146.9 198.9 46.4 
56456
 207.3 158.6 215.7 376.3 
 128.6 203.8 145.3 342.8 
 269.2 188.8 292.7 311.0 
 145.3 342.8 257.5 367.9 
 245.8 329.4 289.3 309.3 
 200.6 150.3 188.9 48.1 
56462
 198.9 170.3 207.3 378.0 
 123.6 212.2 153.7 339.5 
 275.9 200.5 289.3 332.8 
 152.0 344.5 250.8 299.3 
 287.7 331.1 185.5 312.7 
 198.9 158.6 167.1 58.2 
56471
 200.6 172.0 200.6 388.0 
 126.9 213.9 145.3 347.8 
 279.3 200.5 279.3 331.1 
 138.6 347.8 237.4 311.0 
 281.0 332.8 182.2 342.8 
 193.9 153.6 160.4 56.5 
