105
 383.0 164.5 380.1 254.5 
 351.1 173.2 330.7 211.0 
 412.0 176.1 449.8 213.9 
 327.8 216.8 345.3 251.6 
 449.8 216.8 420.7 245.8 
 383.0 161.6 374.3 115.2 
113
 378.0 164.5 378.0 254.6 
 348.9 176.1 319.8 211.0 
 407.0 176.1 444.9 213.9 
 322.7 213.9 337.2 251.7 
 444.9 216.8 412.9 248.8 
 375.0 170.3 372.1 115.0 
119
 377.2 169.6 374.3 256.7 
 351.1 178.3 324.9 213.2 
 412.0 175.4 446.9 219.0 
 319.1 216.1 342.4 250.9 
 409.1 250.9 444.0 219.0 
 374.3 163.8 368.5 114.5 
137
 360.5 175.4 363.4 259.7 
 334.3 184.1 319.8 216.1 
 395.4 181.2 430.3 210.3 
 319.8 221.9 328.5 251.0 
 433.2 216.1 407.0 248.1 
 360.5 175.4 357.6 111.4 
202
 288.6 154.4 285.7 331.5 
 227.7 168.9 233.5 229.9 
 346.7 168.9 390.3 276.3 
 236.4 235.7 213.2 256.0 
 393.2 276.3 355.4 334.4 
 297.4 139.9 291.5 32.4 
208
 292.1 145.5 295.0 328.8 
 231.0 160.1 236.9 229.9 
 359.0 165.9 385.2 276.5 
 210.7 259.0 239.8 238.6 
 385.2 279.4 414.3 369.5 
 295.0 29.2 303.8 142.6 
214
 294.5 144.9 291.5 327.8 
 227.7 165.3 240.7 232.0 
 355.4 171.1 367.0 284.3 
 210.3 249.5 242.2 232.0 
 367.0 287.2 355.4 365.6 
 291.5 139.1 309.0 28.8 
226
 303.8 153.5 295.0 336.8 
 234.0 165.2 236.9 235.0 
 359.0 179.7 370.7 281.5 
 213.6 252.5 236.9 232.1 
 373.6 287.4 338.7 386.3 
 295.0 146.3 312.5 40.1 
443
 399.0 116.6 393.2 253.1 
 352.5 128.2 358.3 197.9 
 448.3 134.0 454.1 192.1 
 317.7 215.3 358.3 195.0 
 459.9 195.0 477.4 221.1 
 390.3 116.6 396.1 41.1 
448
 402.7 116.5 394.0 259.0 
 359.0 128.1 353.2 195.0 
 449.2 133.9 463.8 197.9 
 321.2 218.3 353.2 200.8 
 466.7 200.8 478.3 215.4 
 394.0 116.5 399.8 43.7 
452
 407.7 121.7 396.1 255.3 
 361.2 139.1 355.4 203.0 
 454.1 136.2 462.8 197.2 
 320.6 237.8 355.4 203.0 
 462.8 205.9 480.3 229.1 
 404.8 115.9 407.7 43.3 
454
 408.5 130.3 399.8 261.2 
 362.0 147.7 356.1 214.6 
 458.0 144.8 463.8 214.6 
 356.1 217.5 318.3 243.7 
 466.7 220.5 478.3 240.8 
 402.7 127.4 411.4 51.7 
3764
 381.5 182.0 381.5 405.5 
 291.5 182.0 250.9 324.2 
 442.5 190.7 474.5 330.0 
 253.8 330.0 329.3 385.2 
 457.0 330.0 480.3 327.1 
 375.7 179.0 387.4 36.8 
3788
 460.9 181.9 452.1 403.0 
 391.0 173.2 286.3 280.8 
 542.3 202.3 554.0 315.7 
 286.3 280.8 417.2 298.3 
 548.1 350.6 559.8 318.6 
 455.0 179.0 481.2 36.5 
3800
 445.4 187.0 433.8 404.8 
 364.1 175.4 300.3 338.0 
 518.0 198.6 544.1 346.7 
 303.2 340.9 399.0 314.8 
 486.1 317.7 544.1 349.6 
 439.6 181.2 454.1 33.2 
3808
 434.7 189.9 437.6 399.4 
 353.2 189.9 309.6 347.0 
 504.5 192.8 551.0 335.4 
 309.6 349.9 362.0 329.5 
 495.8 303.4 554.0 341.2 
 428.9 192.8 431.8 35.7 
6963
 221.9 186.3 230.6 369.2 
 134.8 209.5 102.8 331.5 
 288.6 200.8 320.6 311.1 
 102.8 331.5 143.5 311.1 
 288.6 319.9 320.6 314.0 
 216.1 180.5 227.7 52.8 
6968
 228.1 186.3 216.5 378.3 
 140.9 200.8 117.6 337.5 
 283.4 192.1 306.7 320.1 
 117.6 337.5 167.0 331.7 
 257.2 328.8 309.6 317.2 
 213.6 177.5 219.4 52.5 
6971
 219.0 182.7 216.1 371.4 
 140.6 203.0 114.5 333.6 
 288.6 203.0 309.0 319.1 
 114.5 330.7 143.5 322.0 
 262.5 339.5 309.0 313.3 
 210.3 176.9 214.6 54.9 
6974
 222.3 182.6 213.6 377.5 
 135.0 208.8 103.0 325.2 
 292.1 208.8 306.7 319.4 
 100.1 325.2 143.8 313.5 
 266.0 351.4 306.7 316.5 
 210.7 176.8 219.4 51.7 
10044
 455.6 113.7 449.8 247.3 
 406.2 137.0 400.4 224.0 
 504.9 134.0 507.8 218.2 
 397.5 224.0 397.5 287.9 
 510.7 224.0 504.9 285.0 
 452.7 107.9 452.7 35.3 
10106
 456.5 113.5 450.7 250.3 
 404.1 136.8 401.2 203.7 
 506.0 133.9 511.8 212.5 
 401.2 206.6 401.2 259.0 
 514.7 215.4 482.7 264.8 
 447.8 107.7 459.4 35.0 
10134
 438.2 113.0 446.9 237.8 
 394.6 139.1 394.6 217.5 
 490.4 115.9 502.0 197.2 
 391.7 217.5 409.1 226.2 
 438.2 194.3 502.0 200.1 
 446.9 110.1 444.0 37.5 
10148
 450.7 115.7 453.6 243.7 
 401.2 136.1 410.0 214.6 
 497.2 118.6 511.8 197.2 
 410.0 211.7 444.9 162.3 
 447.8 182.6 508.9 197.2 
 447.8 112.8 453.6 37.2 
10660
 388.8 195.0 391.7 395.3 
 342.4 224.0 327.8 319.9 
 473.0 209.5 504.9 308.2 
 327.8 319.9 214.6 340.2 
 507.8 308.2 551.4 383.7 
 385.9 180.5 394.6 64.4 
10667
 363.4 160.1 348.9 387.0 
 311.0 192.1 287.8 299.7 
 439.0 203.7 471.0 302.6 
 287.8 302.6 177.2 291.0 
 471.0 308.5 520.5 331.7 
 357.6 151.4 378.0 49.5 
10674
 345.3 168.2 336.5 385.9 
 287.2 208.8 272.7 316.2 
 423.6 208.8 446.9 327.8 
 272.7 316.2 162.4 324.9 
 446.9 333.6 516.5 362.7 
 336.5 171.1 354.0 54.9 
10676
 332.6 180.2 307.3 393.1 
 288.7 210.6 251.5 325.5 
 417.1 220.7 442.5 344.1 
 249.8 325.5 143.3 374.5 
 442.5 344.1 498.2 399.9 
 334.3 176.8 351.2 63.6 
11915
 496.2 125.3 496.2 224.0 
 458.5 145.7 441.1 197.9 
 536.9 139.9 545.6 192.1 
 441.1 200.8 420.7 224.0 
 548.5 195.0 551.4 227.0 
 490.4 119.5 496.2 73.1 
11931
 494.3 116.5 491.4 232.8 
 453.6 133.9 436.1 192.1 
 538.0 125.2 561.2 189.2 
 436.1 189.2 392.5 221.2 
 535.0 203.7 558.3 189.2 
 491.4 113.5 500.1 49.5 
11935
 487.5 121.7 481.7 243.6 
 449.8 136.2 426.5 194.3 
 539.8 136.2 554.3 194.3 
 423.6 197.2 380.1 234.9 
 548.5 214.6 554.3 197.2 
 481.7 115.9 496.2 52.0 
11972
 465.2 130.3 459.4 293.2 
 415.8 144.8 404.1 235.0 
 535.0 150.6 552.5 237.9 
 360.5 275.7 404.1 243.7 
 555.4 240.8 514.7 290.3 
 456.5 127.4 474.0 34.3 
12025
 313.3 131.1 307.5 311.1 
 255.3 154.4 246.5 267.6 
 383.0 151.5 406.2 256.0 
 246.5 276.3 249.5 348.9 
 406.2 261.8 406.2 351.8 
 310.4 122.4 319.1 38.2 
12034
 311.0 116.5 290.7 308.5 
 250.0 133.9 223.8 241.5 
 378.0 133.9 395.4 250.3 
 223.8 247.4 186.0 331.7 
 398.3 250.3 366.3 343.4 
 302.3 113.5 314.0 14.6 
12061
 246.5 127.5 240.7 333.6 
 185.6 150.7 159.5 258.2 
 319.1 147.8 336.5 255.3 
 159.5 261.1 142.0 342.4 
 336.5 261.1 339.5 359.8 
 237.8 124.6 232.0 28.8 
12097
 284.9 127.4 267.4 333.9 
 218.0 150.6 191.8 272.8 
 354.7 147.7 386.7 267.0 
 191.8 275.7 151.0 380.5 
 389.6 269.9 407.0 377.5 
 279.0 121.5 279.0 13.9 
15042
 464.3 105.0 464.3 189.2 
 438.2 107.9 417.8 154.4 
 493.3 110.8 502.0 171.8 
 391.7 163.1 417.8 154.4 
 484.6 206.6 502.0 171.8 
 461.4 102.1 470.1 49.9 
15074
 500.1 96.1 494.3 192.1 
 459.4 113.5 491.4 174.6 
 535.0 101.9 538.0 154.3 
 491.4 177.5 526.3 209.5 
 538.0 160.1 555.4 200.8 
 491.4 90.3 488.5 29.2 
15090
 464.3 92.7 464.3 197.2 
 426.5 107.2 420.7 174.0 
 502.0 104.3 516.5 168.2 
 420.7 179.8 435.3 220.4 
 499.1 217.5 519.5 171.1 
 458.5 86.9 461.4 37.5 
15186
 314.0 130.3 311.0 261.2 
 264.5 141.9 244.1 217.5 
 357.6 139.0 367.8 205.9 
 241.2 220.5 232.5 290.3 
 369.2 208.8 380.9 264.1 
 308.1 124.5 311.0 48.8 
15769
 383.0 180.5 374.3 366.3 
 336.5 192.1 324.9 308.2 
 446.9 206.6 426.5 337.3 
 322.0 311.1 290.1 258.9 
 356.9 264.7 423.6 337.3 
 377.2 171.8 385.9 61.5 
15780
 401.2 180.5 398.3 375.4 
 331.4 192.1 314.0 328.8 
 488.5 203.7 474.0 343.4 
 311.0 334.6 331.4 276.5 
 424.5 282.3 474.0 340.5 
 398.3 174.6 407.0 43.7 
15791
 423.6 182.7 412.0 403.3 
 330.7 197.2 327.8 351.1 
 513.6 205.9 496.2 354.0 
 327.8 351.1 356.9 278.5 
 458.5 278.5 493.3 356.9 
 420.7 185.6 432.4 37.5 
15802
 479.8 205.9 462.3 406.6 
 380.9 208.8 375.0 371.7 
 564.1 223.4 543.8 371.7 
 372.1 368.8 424.5 313.5 
 529.2 319.4 543.8 377.5 
 471.0 205.9 491.4 45.9 
15973
 287.2 139.9 287.2 343.1 
 211.7 160.2 214.6 270.5 
 345.3 160.2 354.0 261.8 
 211.7 270.5 246.5 351.8 
 351.1 261.8 351.1 337.3 
 290.1 128.2 293.0 35.3 
15975
 299.4 131.0 302.3 337.5 
 220.9 157.2 212.1 261.9 
 351.8 163.0 354.7 232.8 
 212.1 264.8 252.9 340.5 
 369.2 302.6 354.7 238.6 
 293.6 128.1 305.2 35.0 
15999
 365.6 139.1 354.0 348.2 
 287.2 147.8 264.0 246.5 
 423.6 168.2 441.1 246.5 
 264.0 252.4 264.0 339.5 
 438.2 261.1 444.0 249.5 
 371.4 133.3 383.0 34.6 
16011
 375.0 136.1 348.9 354.3 
 287.8 147.7 267.4 252.5 
 430.3 173.9 436.1 284.5 
 264.5 255.4 258.7 342.6 
 436.1 287.4 444.9 374.6 
 372.1 136.1 389.6 37.2 
16281
 432.4 177.6 435.3 296.6 
 394.6 171.8 348.2 235.7 
 475.9 189.2 493.3 244.4 
 345.3 241.5 356.9 299.5 
 493.3 250.2 499.1 293.7 
 426.5 174.7 441.1 93.4 
16283
 447.8 180.5 450.7 296.8 
 407.0 163.0 360.5 229.9 
 497.2 195.0 503.0 250.3 
 357.6 232.8 360.5 296.8 
 506.0 253.2 503.0 299.7 
 444.9 168.8 453.6 93.2 
16290
 458.5 162.4 461.4 287.2 
 414.9 156.5 374.3 226.2 
 504.9 176.9 513.6 246.5 
 371.4 234.9 362.7 301.7 
 513.6 252.4 522.4 313.3 
 449.8 162.4 467.2 81.1 
16293
 453.6 162.3 456.5 290.3 
 410.0 153.5 372.1 235.0 
 503.0 173.9 508.9 249.5 
 366.3 237.9 360.5 299.0 
 508.9 255.4 520.5 316.5 
 450.7 165.2 462.3 77.9 
17435
 293.0 134.0 293.0 337.3 
 217.5 157.3 205.9 264.7 
 362.7 151.5 388.8 250.2 
 205.9 267.6 232.0 279.2 
 356.9 276.3 391.7 253.1 
 287.2 125.3 284.3 29.5 
17441
 282.0 133.9 293.6 328.8 
 212.1 154.3 200.5 273.5 
 351.8 145.5 366.3 256.1 
 203.4 273.5 252.9 270.6 
 319.8 259.0 366.3 256.1 
 276.1 136.8 279.0 26.3 
17453
 293.0 144.9 295.9 324.9 
 220.4 147.8 203.0 269.8 
 365.6 147.8 374.3 258.2 
 203.0 269.8 266.9 258.2 
 333.6 252.4 374.3 264.0 
 293.0 147.8 295.9 31.7 
17465
 328.5 139.0 308.1 331.0 
 250.0 139.0 220.9 258.3 
 401.2 156.5 395.4 261.2 
 220.9 258.3 282.0 261.2 
 360.5 267.0 395.4 272.8 
 328.5 133.2 343.0 25.5 
17595
 304.6 142.8 295.9 375.0 
 217.5 151.5 211.7 267.6 
 362.7 168.9 380.1 279.2 
 211.7 270.5 298.8 331.5 
 313.3 302.4 380.1 279.2 
 298.8 139.9 304.6 38.2 
17601
 308.1 145.5 302.3 346.3 
 218.0 151.4 223.8 267.7 
 372.1 171.7 383.8 273.5 
 223.8 267.7 308.1 317.2 
 296.5 293.9 380.9 273.5 
 302.3 133.9 311.0 32.1 
17607
 301.7 144.9 301.7 342.4 
 217.5 156.5 234.9 281.4 
 371.4 165.3 374.3 266.9 
 237.8 278.5 327.8 293.0 
 281.4 269.8 374.3 266.9 
 304.6 139.1 310.4 34.6 
17612
 302.3 144.8 306.7 345.5 
 220.9 153.5 252.9 275.7 
 363.4 159.4 351.8 261.2 
 255.8 281.5 340.1 264.1 
 351.8 258.3 270.3 240.8 
 308.1 133.2 305.2 34.3 
18895
 354.0 180.5 351.1 331.5 
 298.8 195.0 261.1 285.0 
 409.1 203.7 432.4 290.8 
 258.2 285.0 293.0 305.3 
 435.3 296.6 449.8 351.8 
 362.7 177.6 362.7 93.4 
18905
 383.8 163.0 378.0 311.4 
 314.0 189.2 299.4 288.1 
 427.4 189.2 444.9 296.8 
 299.4 291.0 276.1 363.7 
 447.8 302.6 459.4 381.2 
 380.9 154.3 383.8 78.6 
18916
 383.0 171.1 377.2 345.3 
 310.4 197.2 304.6 313.3 
 432.4 203.0 452.7 298.8 
 301.7 316.2 281.4 388.8 
 455.6 301.7 467.2 385.9 
 377.2 171.1 391.7 78.2 
18918
 389.6 173.9 383.8 357.2 
 314.0 205.9 296.5 319.4 
 444.9 205.9 453.6 316.5 
 295.4 322.2 287.0 399.9 
 452.6 315.4 462.8 403.3 
 388.4 70.3 388.4 170.0 
20071
 377.2 131.1 374.3 270.5 
 327.8 145.7 304.6 229.9 
 435.3 148.6 435.3 232.8 
 301.7 227.0 327.8 183.4 
 412.0 250.2 435.3 232.8 
 374.3 134.0 377.2 41.1 
20076
 380.9 125.2 378.0 279.4 
 316.9 136.8 290.7 229.9 
 436.1 157.2 430.3 238.6 
 290.7 227.0 328.5 183.4 
 430.3 241.5 450.7 288.1 
 375.0 125.2 383.8 40.8 
20096
 385.9 144.9 385.9 304.6 
 324.9 159.5 304.6 261.1 
 455.6 162.4 458.5 272.7 
 304.6 264.0 330.7 203.0 
 458.5 269.8 490.4 191.4 
 380.1 144.9 383.0 34.6 
20126
 375.0 159.4 369.2 333.9 
 308.1 173.9 287.8 284.5 
 453.6 182.6 447.8 304.8 
 287.8 281.5 308.1 220.5 
 410.0 275.7 447.8 307.7 
 372.1 159.4 369.2 37.2 
20541
 409.1 102.1 406.2 215.3 
 362.7 119.5 354.0 180.5 
 449.8 119.5 452.7 183.4 
 351.1 186.3 348.2 238.6 
 455.6 186.3 470.1 244.4 
 409.1 29.5 406.2 99.2 
20545
 421.6 125.2 427.4 244.5 
 372.1 142.6 357.6 203.7 
 468.1 142.6 476.9 203.7 
 354.7 206.6 348.9 259.0 
 476.9 206.6 494.3 229.9 
 412.9 119.4 421.6 55.4 
20551
 429.5 139.1 435.3 278.5 
 380.1 162.4 354.0 240.7 
 473.0 159.5 478.8 234.9 
 354.0 243.6 362.7 287.2 
 481.7 237.8 493.3 293.0 
 423.6 139.1 435.3 63.6 
20559
 444.9 143.4 447.8 285.9 
 386.7 163.7 380.9 242.3 
 500.1 160.8 520.5 248.1 
 380.9 248.1 369.2 315.0 
 523.4 253.9 552.5 315.0 
 439.0 137.5 442.0 44.5 
20636
 516.5 182.0 510.7 295.2 
 481.7 190.7 455.6 248.7 
 560.1 187.8 571.7 260.3 
 455.6 251.6 473.0 269.0 
 519.5 289.4 571.7 263.2 
 516.5 179.0 519.5 118.1 
20653
 479.8 176.1 476.9 295.4 
 436.1 190.6 427.4 263.4 
 520.5 187.7 517.6 254.6 
 427.4 266.3 459.4 304.1 
 506.0 304.1 517.6 260.5 
 482.7 176.1 479.8 106.3 
20670
 377.2 181.2 380.1 300.3 
 330.7 201.5 330.7 282.8 
 409.1 189.9 414.9 256.7 
 330.7 282.8 371.4 320.6 
 414.9 311.9 414.9 259.6 
 374.3 175.4 377.2 108.6 
20772
 380.9 175.4 383.8 303.4 
 343.0 192.8 340.1 277.2 
 415.8 192.8 415.8 265.5 
 340.1 277.2 375.0 326.6 
 412.9 317.9 418.7 268.5 
 383.8 172.5 383.8 108.5 
21547
 377.2 158.7 397.5 359.0 
 281.4 182.0 264.0 312.6 
 473.0 173.2 493.3 283.6 
 264.0 321.3 295.9 385.2 
 461.4 321.3 493.3 283.6 
 371.4 155.8 368.5 25.2 
21552
 383.8 161.5 383.8 353.5 
 284.9 187.7 229.6 280.8 
 476.9 167.4 494.3 283.7 
 229.6 288.1 267.4 362.3 
 474.0 333.2 494.3 289.5 
 378.0 152.8 372.1 24.8 
21618
 374.3 152.2 371.4 355.4 
 275.6 175.4 232.0 279.9 
 467.2 175.4 502.0 282.8 
 234.9 285.7 258.2 338.0 
 470.1 349.6 507.8 288.6 
 371.4 152.2 371.4 27.4 
21642
 380.9 146.3 389.6 352.8 
 282.0 178.3 247.0 285.9 
 468.1 160.8 506.0 271.4 
 247.0 294.6 290.7 376.1 
 474.0 364.5 508.9 277.2 
 378.0 140.5 383.8 27.0 
22539
 281.4 132.6 278.5 274.9 
 226.2 147.1 205.9 231.3 
 330.7 152.9 333.6 234.2 
 205.9 237.1 174.0 309.7 
 336.5 240.0 359.8 309.7 
 281.4 123.9 281.4 39.7 
22541
 282.0 135.4 282.0 275.0 
 226.7 147.0 209.2 234.3 
 334.3 152.8 337.2 234.3 
 209.2 237.2 186.0 321.5 
 337.2 237.2 348.9 318.6 
 279.0 123.7 276.1 42.3 
22544
 287.2 129.0 284.3 265.4 
 229.1 149.3 217.5 245.1 
 330.7 152.2 336.5 245.1 
 214.6 248.0 203.0 326.4 
 336.5 250.9 345.3 329.3 
 281.4 123.2 287.2 44.8 
22589
 284.9 131.7 279.0 280.1 
 229.6 146.3 218.0 242.3 
 334.3 146.3 340.1 245.2 
 212.1 248.1 212.1 323.7 
 340.1 248.1 343.0 317.9 
 282.0 125.9 284.9 44.5 
24870
 266.9 152.9 266.9 330.0 
 229.1 179.0 130.4 190.7 
 324.9 184.9 339.5 292.3 
 124.6 187.8 156.5 106.5 
 342.4 298.1 351.1 396.8 
 255.3 152.9 272.7 48.4 
24879
 264.5 147.0 261.6 333.2 
 175.4 154.8 234.6 176.8 
 319.1 166.7 358.0 269.8 
 177.1 156.5 194.0 88.9 
 358.0 273.1 373.2 374.5 
 261.6 137.9 280.2 39.9 
24899
 269.8 146.4 278.5 338.0 
 234.9 172.5 200.1 285.7 
 336.5 178.3 362.7 294.5 
 165.3 219.0 194.3 288.6 
 359.8 300.3 385.9 393.2 
 261.1 143.5 281.4 50.6 
24903
 273.2 155.0 267.4 341.2 
 226.7 181.2 197.6 303.4 
 340.1 181.2 351.8 303.4 
 197.6 309.2 180.1 268.5 
 348.9 309.2 369.2 396.5 
 261.6 149.2 267.4 56.1 
27500
 336.0 181.9 312.3 391.5 
 273.5 195.4 161.9 234.3 
 393.5 208.9 483.0 286.7 
 155.1 232.6 74.0 298.5 
 483.0 285.0 576.0 339.1 
 329.2 181.9 330.9 73.7 
27508
 348.9 152.8 328.5 347.7 
 270.3 161.5 154.0 167.4 
 392.5 170.3 506.0 196.5 
 148.1 161.5 87.0 237.2 
 511.8 205.2 572.9 245.9 
 348.9 147.0 366.3 59.7 
27516
 351.2 163.3 336.0 369.5 
 272.7 187.0 200.1 271.2 
 406.2 198.6 420.7 306.1 
 197.2 279.9 234.9 361.2 
 403.3 369.9 423.6 311.9 
 354.0 158.0 380.1 70.9 
27514
 352.9 163.3 334.3 376.2 
 280.2 175.1 178.8 251.2 
 403.6 188.6 450.9 273.1 
 177.1 254.5 221.1 361.0 
 445.9 349.2 452.6 274.8 
 352.9 151.5 373.2 56.8 
34691
 335.1 166.0 332.2 372.1 
 250.9 186.3 187.0 296.6 
 422.2 186.3 422.2 337.3 
 181.2 299.5 174.0 389.5 
 422.2 340.2 375.7 380.8 
 320.6 166.0 329.3 15.0 
34693
 320.8 166.7 320.8 377.9 
 246.4 193.7 168.7 320.5 
 422.2 188.6 401.9 339.1 
 165.3 320.5 172.0 391.5 
 334.3 403.3 403.6 340.7 
 315.7 161.6 317.4 23.0 
34937
 349.6 174.0 355.4 391.7 
 268.3 200.1 230.6 327.8 
 439.6 208.8 471.5 319.1 
 227.7 327.8 181.2 391.7 
 474.5 324.9 516.5 377.2 
 346.7 165.3 349.6 31.7 
35060
 353.2 171.0 350.3 400.8 
 266.0 211.7 234.0 345.5 
 440.5 208.8 452.1 342.6 
 231.0 348.5 180.1 400.8 
 455.0 345.5 507.4 383.4 
 350.3 162.3 353.2 35.7 
35554
 314.8 177.6 311.9 299.5 
 265.4 197.9 250.9 258.9 
 364.1 186.3 423.6 258.9 
 248.0 258.9 233.5 302.4 
 425.1 261.8 416.4 328.6 
 303.2 163.1 306.1 73.1 
35566
 306.7 160.1 312.5 305.5 
 257.2 177.5 239.8 221.2 
 367.8 180.5 411.4 232.8 
 236.9 224.1 236.9 285.2 
 408.5 235.7 402.7 293.9 
 309.6 148.5 312.5 55.4 
35578
 300.3 139.1 294.5 290.1 
 227.7 168.2 163.8 203.0 
 355.4 168.2 425.1 203.0 
 158.0 205.9 189.9 229.1 
 430.9 205.9 489.0 223.3 
 294.5 139.1 300.3 46.2 
35602
 295.0 156.5 286.3 313.5 
 234.0 162.3 202.0 240.8 
 338.7 173.9 411.4 235.0 
 204.9 240.8 268.9 240.8 
 417.2 235.0 490.0 246.6 
 298.0 144.8 300.9 43.0 
53202
 381.5 166.0 338.0 354.7 
 291.5 195.0 204.5 264.7 
 425.1 183.4 433.8 279.2 
 198.6 264.7 140.6 331.5 
 436.7 282.1 442.5 357.6 
 399.0 157.3 413.5 49.9 
53208
 367.8 171.7 321.2 357.9 
 286.3 180.5 184.5 270.6 
 405.6 171.7 458.0 288.1 
 184.5 273.5 158.3 375.4 
 460.9 291.0 469.6 387.0 
 376.5 160.1 385.2 40.8 
53210
 369.9 168.2 323.5 359.8 
 288.6 174.0 204.5 264.0 
 422.2 182.7 483.2 293.0 
 198.6 266.9 163.8 368.5 
 489.0 298.8 529.6 385.9 
 375.7 159.5 404.8 49.1 
53213
 376.5 171.0 332.9 354.3 
 300.9 185.5 196.1 275.7 
 423.0 179.7 466.7 290.3 
 196.1 278.6 152.5 377.5 
 469.6 293.2 548.1 360.1 
 391.0 168.1 414.3 51.7 
54045
 291.5 131.1 288.6 264.7 
 245.1 145.7 239.3 229.9 
 343.8 151.5 358.3 229.9 
 239.3 232.8 230.6 302.4 
 361.2 232.8 352.5 302.4 
 285.7 119.5 291.5 52.8 
54048
 289.2 151.4 295.0 285.2 
 239.8 157.2 234.0 241.5 
 338.7 165.9 362.0 247.4 
 234.0 244.5 234.0 317.2 
 364.9 256.1 370.7 314.3 
 283.4 139.7 300.9 69.9 
54053
 288.6 144.9 294.5 287.2 
 236.4 165.3 230.6 240.7 
 340.9 171.1 375.7 211.7 
 227.7 246.5 224.8 307.5 
 372.8 217.5 364.1 278.5 
 285.7 133.3 309.0 78.2 
54060
 289.2 171.0 286.3 331.0 
 234.0 188.5 219.4 272.8 
 335.8 203.0 353.2 267.0 
 219.4 278.6 231.0 336.8 
 353.2 272.8 362.0 333.9 
 283.4 171.0 303.8 101.2 
