597
 390.3 144.2 364.1 347.4 
 309.0 138.4 256.7 245.8 
 445.4 138.4 497.7 237.1 
 253.8 248.7 192.8 347.4 
 503.5 237.1 518.0 298.1 
 384.5 144.2 384.5 19.4 
599
 394.0 152.8 391.0 350.6 
 315.4 135.4 263.0 234.3 
 478.3 132.5 539.4 248.8 
 260.1 237.2 149.6 341.9 
 542.3 251.7 554.0 327.4 
 391.0 155.7 396.9 27.7 
601
 396.1 160.9 404.8 367.0 
 329.3 158.0 250.9 233.5 
 489.0 137.7 538.3 248.0 
 248.0 236.4 137.7 343.8 
 544.1 253.8 538.3 358.3 
 390.3 163.8 401.9 27.4 
603
 434.7 352.8 405.6 163.7 
 332.9 152.1 263.0 227.7 
 495.8 123.0 559.8 248.1 
 263.0 233.5 140.9 335.4 
 562.7 253.9 536.5 361.5 
 388.1 155.0 388.1 18.3 
2366
 232.4 118.4 235.8 326.1 
 170.5 153.6 160.4 257.4 
 287.7 116.8 356.3 235.7 
 160.4 257.4 120.2 326.1 
 274.3 285.9 353.0 234.0 
 225.7 111.7 234.1 13.0 
2372
 229.1 133.5 255.8 357.9 
 165.4 163.7 155.4 282.5 
 292.7 133.5 354.6 247.4 
 157.1 282.5 143.7 376.3 
 262.5 316.0 349.6 250.7 
 224.0 130.2 224.0 29.7 
2376
 244.1 150.3 282.6 379.7 
 187.2 198.8 120.2 287.6 
 314.5 146.9 386.5 240.7 
 120.2 289.2 96.8 393.0 
 326.2 311.0 386.5 240.7 
 237.4 146.9 237.4 39.7 
2380
 260.9 148.6 297.7 356.2 
 193.9 208.9 135.3 297.6 
 336.2 151.9 394.8 249.0 
 137.0 295.9 108.5 389.7 
 376.4 319.4 399.8 250.7 
 249.2 143.6 254.2 41.4 
7793
 349.6 145.2 349.6 299.3 
 297.7 165.3 267.6 267.5 
 404.9 162.0 408.2 272.5 
 257.5 272.5 270.9 351.2 
 418.3 354.5 408.2 270.8 
 337.9 141.9 358.0 54.8 
7801
 378.1 136.9 388.1 295.9 
 321.2 162.0 301.1 260.8 
 433.3 157.0 458.5 275.8 
 294.4 260.8 299.4 342.8 
 456.8 277.5 476.9 346.2 
 369.7 136.9 381.4 46.4 
7803
 386.5 143.6 393.2 292.6 
 326.2 165.3 299.4 262.4 
 438.4 160.3 461.8 284.2 
 296.0 260.8 301.1 344.5 
 458.5 282.5 488.6 356.2 
 374.7 136.9 386.5 48.1 
7807
 386.5 145.2 379.8 297.6 
 324.5 162.0 296.0 264.1 
 430.0 162.0 450.1 279.2 
 294.4 267.5 297.7 347.8 
 448.4 275.8 473.5 356.2 
 374.7 131.8 393.2 48.1 
10907
 289.3 135.2 279.3 257.4 
 244.1 150.3 235.8 222.3 
 329.5 153.6 321.2 232.3 
 230.7 220.6 254.2 279.2 
 289.3 285.9 319.5 229.0 
 277.6 135.2 292.7 69.9 
10935
 314.5 141.9 317.8 260.8 
 270.9 163.7 270.9 237.3 
 356.3 162.0 358.0 235.7 
 267.6 239.0 292.7 287.6 
 336.2 287.6 356.3 235.7 
 309.4 136.9 316.1 78.3 
10991
 441.7 140.2 438.4 277.5 
 381.4 162.0 371.4 252.4 
 491.9 172.0 491.9 260.8 
 371.4 259.1 368.0 336.1 
 490.3 257.4 495.3 317.7 
 438.4 138.5 446.7 61.5 
11019
 493.6 160.3 491.9 316.0 
 428.3 185.4 416.6 289.2 
 553.9 183.7 555.6 279.2 
 418.3 289.2 418.3 376.3 
 542.2 369.6 553.9 279.2 
 483.6 158.6 486.9 64.9 
11449
 269.2 153.6 284.3 354.5 
 193.9 177.0 103.5 193.8 
 304.4 173.7 398.2 126.8 
 90.1 185.4 140.3 81.6 
 304.4 118.4 394.8 123.5 
 269.2 153.6 262.5 43.1 
11451
 272.6 160.3 289.3 351.2 
 200.6 178.7 98.5 240.7 
 302.7 168.7 411.6 177.0 
 81.7 235.7 121.9 116.8 
 312.8 125.1 408.2 167.0 
 267.6 153.6 265.9 36.4 
11471
 263.3 156.5 273.5 330.6 
 182.2 178.5 143.3 334.0 
 327.5 161.6 356.3 303.6 
 134.9 323.8 178.8 261.3 
 359.7 291.7 287.0 285.0 
 270.9 151.9 270.9 33.0 
11473
 255.8 153.6 272.6 349.5 
 178.8 182.1 147.0 327.7 
 319.5 165.3 354.6 304.3 
 148.7 326.1 195.6 225.6 
 292.7 265.8 351.3 301.0 
 252.5 141.9 252.5 23.0 
11640
 478.5 111.7 473.5 301.0 
 431.7 138.5 409.9 203.8 
 535.5 136.9 550.5 212.2 
 409.9 205.5 426.6 229.0 
 495.3 227.3 548.9 210.5 
 475.2 110.1 478.5 41.4 
11643
 488.6 118.4 466.8 292.6 
 436.7 136.9 414.9 207.2 
 538.8 135.2 550.5 212.2 
 414.9 207.2 430.0 235.7 
 488.6 229.0 552.2 212.2 
 480.2 113.4 476.9 39.7 
11661
 445.1 118.4 456.8 284.2 
 401.5 136.9 391.5 212.2 
 512.0 130.2 530.5 205.5 
 388.1 213.9 423.3 250.7 
 481.9 242.3 532.1 205.5 
 438.4 110.1 441.7 33.0 
11670
 431.7 115.1 450.1 284.2 
 381.4 138.5 368.0 222.3 
 493.6 125.1 512.0 195.5 
 368.0 220.6 413.2 255.7 
 480.2 235.7 512.0 192.1 
 425.0 111.7 425.0 31.4 
11673
 304.4 185.4 267.6 403.1 
 219.0 205.5 254.2 356.2 
 378.1 200.5 448.4 295.9 
 250.8 352.9 346.3 311.0 
 381.4 285.9 446.7 299.3 
 306.1 168.7 286.0 58.2 
11679
 311.1 185.4 277.6 396.4 
 224.0 215.6 254.2 356.2 
 376.4 200.5 455.1 299.3 
 249.2 357.9 347.9 304.3 
 386.5 284.2 453.4 297.6 
 312.8 173.7 284.3 63.2 
11685
 317.8 177.0 277.6 396.4 
 230.7 208.9 257.5 356.2 
 383.1 188.8 458.5 294.3 
 259.2 354.5 349.6 309.3 
 393.2 282.5 458.5 295.9 
 329.5 158.6 291.0 61.5 
11687
 317.8 182.1 277.6 399.7 
 230.7 212.2 255.8 359.6 
 386.5 195.5 458.5 289.2 
 255.8 354.5 344.6 312.7 
 383.1 284.2 458.5 292.6 
 316.1 165.3 301.1 59.8 
11713
 314.5 177.0 274.3 394.7 
 224.0 210.5 257.5 356.2 
 388.1 182.1 453.4 285.9 
 254.2 354.5 351.3 299.3 
 384.8 272.5 455.1 287.6 
 312.8 155.3 277.6 53.1 
11740
 316.1 157.0 274.3 378.0 
 227.4 192.1 177.2 322.7 
 379.8 185.4 451.8 292.6 
 173.8 322.7 297.7 314.3 
 388.1 297.6 450.1 287.6 
 309.4 143.6 309.4 29.7 
11742
 312.8 160.3 291.0 364.6 
 227.4 185.4 175.5 312.7 
 379.8 187.1 451.8 287.6 
 173.8 312.7 219.0 354.5 
 376.4 299.3 443.4 287.6 
 307.8 143.6 309.4 24.7 
11744
 321.2 148.6 286.0 367.9 
 229.5 180.2 187.3 306.9 
 383.1 187.1 456.8 287.6 
 189.0 306.9 153.5 399.9 
 389.8 304.3 455.1 282.5 
 311.1 146.9 321.2 31.4 
13451
 307.8 187.1 301.1 316.0 
 255.8 208.9 252.5 284.2 
 351.3 218.9 347.9 302.6 
 252.5 279.2 250.8 331.1 
 346.3 301.0 351.3 359.6 
 306.1 182.1 317.8 116.8 
13457
 326.2 182.1 321.2 290.9 
 279.3 193.8 282.6 262.4 
 361.3 202.2 361.3 279.2 
 281.0 260.8 274.3 317.7 
 363.0 280.9 364.7 332.8 
 326.2 177.0 327.8 111.7 
13459
 327.8 170.3 326.2 282.5 
 286.0 187.1 286.0 255.7 
 364.7 198.8 371.4 269.1 
 286.0 255.7 282.6 304.3 
 368.0 267.5 373.1 314.3 
 332.9 175.4 336.2 113.4 
13461
 331.2 177.0 329.5 275.8 
 291.0 180.4 289.3 249.0 
 368.0 192.1 376.4 259.1 
 289.3 245.7 286.0 292.6 
 376.4 260.8 376.4 302.6 
 331.2 168.7 339.6 111.7 
13802
 368.0 180.4 376.4 295.9 
 332.9 203.8 341.2 269.1 
 423.3 197.1 423.3 274.2 
 339.6 265.8 319.5 326.1 
 421.6 267.5 426.6 332.8 
 369.7 172.0 369.7 106.7 
13815
 369.7 175.4 368.0 297.6 
 329.5 202.2 329.5 274.2 
 420.5 263.0 417.1 193.7 
 325.9 274.8 329.2 339.1 
 422.2 334.0 422.2 266.4 
 371.5 168.4 374.9 109.2 
13817
 373.1 180.4 373.1 295.9 
 329.5 202.2 324.5 270.8 
 418.3 198.8 423.3 269.1 
 324.5 270.8 327.8 337.8 
 428.3 269.1 425.0 336.1 
 371.4 172.0 378.1 111.7 
13838
 376.4 185.4 373.1 294.3 
 329.5 200.5 329.5 269.1 
 418.3 202.2 421.6 277.5 
 327.8 269.1 319.5 334.4 
 421.6 277.5 419.9 337.8 
 373.1 175.4 373.1 110.1 
17039
 451.8 136.9 430.0 294.3 
 396.5 163.7 379.8 272.5 
 515.4 160.3 513.7 289.2 
 374.7 275.8 366.4 357.9 
 515.4 287.6 505.3 371.3 
 450.1 131.8 453.4 36.4 
17045
 451.8 143.6 436.7 297.6 
 396.5 163.7 383.1 282.5 
 512.0 157.0 518.7 279.2 
 383.1 284.2 366.4 361.2 
 517.1 280.9 505.3 364.6 
 448.4 143.6 448.4 36.4 
17051
 446.7 145.2 435.0 294.3 
 394.8 165.3 383.1 275.8 
 515.4 160.3 518.7 285.9 
 381.4 274.2 368.0 356.2 
 513.7 282.5 507.0 366.3 
 448.4 136.9 451.8 39.7 
17068
 448.4 140.2 435.0 299.3 
 396.5 163.7 381.4 279.2 
 517.1 163.7 513.7 290.9 
 383.1 284.2 366.4 354.5 
 515.4 289.2 507.0 366.3 
 446.7 138.5 445.1 38.1 
20688
 389.8 198.8 388.1 401.4 
 327.5 227.5 324.2 356.0 
 472.9 239.3 521.9 323.8 
 244.7 396.5 322.5 356.0 
 520.2 323.8 498.2 405.0 
 379.8 185.4 383.1 66.5 
20689
 393.5 214.0 395.1 403.3 
 336.0 356.0 339.4 227.5 
 464.4 230.9 540.5 317.1 
 258.2 389.8 336.0 354.3 
 542.2 317.1 518.5 403.3 
 386.5 207.2 393.2 76.6 
20690
 396.8 202.2 410.4 399.9 
 342.8 227.5 347.8 354.3 
 467.8 236.0 554.0 318.8 
 270.1 389.8 342.8 352.6 
 554.0 317.1 535.4 403.3 
 379.9 75.4 396.8 200.5 
20691
 396.8 212.3 420.5 399.9 
 347.8 232.6 347.8 352.6 
 472.9 239.3 559.1 320.5 
 271.8 405.0 349.5 350.9 
 560.8 320.5 545.6 403.3 
 383.3 82.2 393.5 202.2 
23470
 269.2 145.2 282.6 275.8 
 235.8 162.0 232.4 229.0 
 312.8 151.9 327.8 229.0 
 229.1 222.3 225.7 269.1 
 329.5 232.3 331.2 284.2 
 264.2 131.8 267.6 68.2 
23475
 275.9 145.2 275.9 277.5 
 235.8 162.0 225.7 227.3 
 311.1 155.3 329.5 242.3 
 219.0 227.3 219.0 269.1 
 329.5 242.3 336.2 301.0 
 270.9 135.2 272.6 66.5 
23480
 272.6 135.2 269.2 279.2 
 230.7 150.3 229.1 220.6 
 317.8 153.6 327.8 242.3 
 224.0 217.2 210.6 265.8 
 326.2 242.3 339.6 299.3 
 269.2 130.2 277.6 61.5 
23495
 250.8 141.9 257.5 306.0 
 200.6 167.0 197.2 262.4 
 304.4 165.3 321.2 262.4 
 195.6 264.1 190.5 337.8 
 326.2 319.4 317.8 260.8 
 249.2 136.9 254.2 56.5 
24831
 194.0 112.6 194.0 190.3 
 172.0 114.3 165.3 170.0 
 219.4 112.6 254.9 158.2 
 165.3 171.7 175.4 207.2 
 224.4 180.2 254.9 156.5 
 189.0 109.2 190.6 63.6 
24843
 185.6 109.2 183.9 200.5 
 153.5 116.0 148.4 168.4 
 214.3 110.9 217.7 165.0 
 124.7 202.2 146.7 168.4 
 214.3 161.6 232.9 188.6 
 185.6 107.5 183.9 56.8 
24927
 456.0 114.3 447.5 247.8 
 408.7 131.2 391.8 224.1 
 494.9 127.8 513.5 227.5 
 391.8 222.4 396.8 269.8 
 511.8 224.1 527.0 295.1 
 456.0 110.9 461.1 26.4 
24939
 501.6 97.4 493.2 237.6 
 442.5 121.0 434.0 202.2 
 540.5 122.7 549.0 212.3 
 432.3 197.1 422.2 268.1 
 543.9 264.7 550.6 212.3 
 494.9 94.0 488.1 24.7 
25160
 241.3 178.5 244.7 391.5 
 172.0 203.8 167.0 322.2 
 319.1 200.5 320.8 320.5 
 165.3 322.2 141.6 403.3 
 317.4 317.1 337.7 403.3 
 241.3 166.7 244.7 56.8 
25161
 244.7 171.7 243.0 388.1 
 177.1 202.2 173.7 318.8 
 325.9 312.0 322.5 202.2 
 138.2 391.5 175.4 318.8 
 325.9 313.7 344.4 393.1 
 244.7 171.7 251.5 55.1 
25162
 244.7 175.1 244.7 388.1 
 178.8 330.6 180.5 205.5 
 322.5 202.2 329.2 317.1 
 138.2 369.5 180.5 327.2 
 327.5 317.1 346.1 399.9 
 244.7 170.0 251.5 61.9 
25170
 275.1 183.6 276.8 386.4 
 214.3 203.8 200.8 334.0 
 352.9 195.4 369.8 328.9 
 199.1 328.9 163.6 266.4 
 368.1 330.6 356.3 249.5 
 271.8 175.1 270.1 63.6 
27655
 327.5 166.7 336.0 371.2 
 248.1 158.2 150.1 139.6 
 388.4 156.5 454.3 141.3 
 145.0 134.5 195.7 36.5 
 390.1 60.2 456.0 137.9 
 330.9 156.5 325.9 50.0 
27656
 327.5 170.0 336.0 388.1 
 256.6 175.1 168.7 122.7 
 383.3 170.0 449.2 105.8 
 163.6 116.0 227.8 41.6 
 369.8 36.5 447.5 107.5 
 327.5 166.7 327.5 63.6 
27658
 344.4 190.3 344.4 398.2 
 285.3 190.3 221.1 107.5 
 398.5 192.0 449.2 95.7 
 217.7 99.1 273.5 34.8 
 369.8 33.1 444.2 92.3 
 344.4 190.3 346.1 87.2 
27659
 364.7 195.4 361.3 399.9 
 298.8 186.9 246.4 109.2 
 413.7 198.8 449.2 99.1 
 246.4 104.1 293.7 33.1 
 391.8 26.4 447.5 99.1 
 363.0 192.0 366.4 92.3 
28002
 520.2 151.5 457.7 281.6 
 425.6 146.4 320.8 110.9 
 576.0 180.2 603.0 283.3 
 315.7 107.5 334.3 234.3 
 601.3 279.9 667.3 399.9 
 525.3 148.1 549.0 28.1 
28003
 489.8 151.5 445.9 296.8 
 401.9 153.1 295.4 149.8 
 542.2 161.6 596.3 293.4 
 290.4 149.8 337.7 261.3 
 596.3 291.7 665.6 393.1 
 491.5 146.4 525.3 19.6 
28004
 469.5 149.8 437.4 290.0 
 386.7 146.4 292.0 193.7 
 533.7 151.5 567.5 264.7 
 285.3 197.1 356.3 296.8 
 565.9 263.0 652.0 350.9 
 464.4 146.4 494.9 12.9 
28005
 447.5 151.5 432.3 290.0 
 369.8 143.0 298.8 246.1 
 516.8 132.9 555.7 237.6 
 295.4 244.4 393.5 327.2 
 555.7 237.6 638.5 296.8 
 442.5 148.1 474.6 12.9 
28241
 379.9 137.9 379.9 327.2 
 324.2 151.5 288.7 268.1 
 420.5 156.5 434.0 271.5 
 288.7 266.4 283.6 362.7 
 429.0 269.8 456.0 357.6 
 374.9 129.5 379.9 31.5 
28246
 369.8 132.9 366.4 332.3 
 309.0 166.7 253.2 261.3 
 412.0 156.5 445.9 261.3 
 249.8 259.6 204.2 359.3 
 440.8 264.7 483.0 320.5 
 369.8 126.1 369.8 41.6 
28251
 373.2 137.9 371.5 327.2 
 303.9 166.7 256.6 269.8 
 413.7 149.8 432.3 263.0 
 256.6 268.1 216.0 374.5 
 430.6 259.6 459.4 337.4 
 364.7 132.9 363.0 41.6 
28286
 457.7 112.6 466.1 317.1 
 386.7 139.6 381.6 268.1 
 525.3 122.7 532.0 242.7 
 381.6 266.4 390.1 345.8 
 528.7 239.3 537.1 347.5 
 452.6 110.9 447.5 2.7 
28308
 378.2 166.7 351.2 393.1 
 288.7 186.9 234.6 244.4 
 505.0 202.2 621.6 230.9 
 128.1 239.3 232.9 242.7 
 618.2 229.2 714.6 227.5 
 374.9 166.7 403.6 21.3 
28313
 385.0 170.0 324.2 388.1 
 292.0 190.3 234.6 246.1 
 496.6 190.3 631.8 230.9 
 236.3 246.1 131.5 242.7 
 623.3 232.6 716.3 232.6 
 383.3 165.0 408.7 24.7 
28319
 381.6 175.1 315.7 384.7 
 298.8 197.1 236.3 247.8 
 489.8 188.6 630.1 230.9 
 234.6 244.4 126.4 232.6 
 626.7 229.2 714.6 229.2 
 373.2 168.4 407.0 21.3 
28331
 385.0 170.0 320.8 389.8 
 285.3 186.9 238.0 242.7 
 498.2 190.3 623.3 224.1 
 124.7 234.3 234.6 239.3 
 625.0 225.8 716.3 225.8 
 381.6 173.4 395.1 19.6 
28852
 476.3 149.8 471.2 389.8 
 395.1 183.6 381.6 281.6 
 565.9 186.9 496.6 308.6 
 385.0 283.3 352.9 328.9 
 401.9 328.9 493.2 306.9 
 464.4 134.5 476.3 14.5 
28858
 474.6 134.5 466.1 376.2 
 401.9 185.3 385.0 283.3 
 560.8 185.3 503.3 300.2 
 383.3 281.6 356.3 332.3 
 407.0 328.9 498.2 300.2 
 467.8 136.2 479.7 17.9 
28864
 476.3 144.7 464.4 384.7 
 400.2 180.2 381.6 288.4 
 564.2 188.6 496.6 305.3 
 351.2 334.0 383.3 290.0 
 401.9 330.6 496.6 303.6 
 466.1 139.6 481.3 16.2 
28876
 474.6 137.9 462.8 379.6 
 400.2 183.6 381.6 281.6 
 560.8 192.0 496.6 305.3 
 385.0 283.3 356.3 327.2 
 408.7 325.5 494.9 303.6 
 467.8 139.6 476.3 16.2 
29716
 530.4 105.8 533.7 369.5 
 445.9 153.1 346.1 269.8 
 609.8 166.7 716.3 271.5 
 342.8 271.5 400.2 389.8 
 647.0 388.1 712.9 278.2 
 528.7 100.7 528.7 -0.7 
29727
 530.4 104.1 525.3 367.8 
 432.3 159.9 339.4 268.1 
 599.7 163.3 716.3 278.2 
 336.0 268.1 396.8 391.5 
 641.9 391.5 714.6 281.6 
 521.9 95.7 527.0 4.4 
29749
 501.6 109.2 505.0 366.1 
 420.5 159.9 320.8 285.0 
 584.4 171.7 685.9 276.5 
 315.7 286.7 386.7 401.6 
 626.7 396.5 689.2 276.5 
 493.2 102.4 493.2 1.0 
29771
 486.4 104.1 501.6 369.5 
 408.7 175.1 314.0 290.0 
 570.9 158.2 663.9 263.0 
 312.3 291.7 388.4 399.9 
 623.3 388.1 662.2 259.6 
 488.1 99.1 488.1 7.8 
32457
 341.1 180.2 339.4 401.6 
 253.2 205.5 271.8 335.7 
 413.7 195.4 429.0 334.0 
 266.7 335.7 383.3 308.6 
 320.8 327.2 429.0 335.7 
 346.1 175.1 339.4 34.8 
32474
 337.7 175.1 347.8 399.9 
 249.8 205.5 276.8 342.4 
 401.9 195.4 427.3 335.7 
 271.8 342.4 386.7 308.6 
 309.0 320.5 425.6 335.7 
 339.4 166.7 330.9 34.8 
32492
 337.7 173.4 342.8 403.3 
 251.5 212.3 276.8 345.8 
 401.9 195.4 427.3 332.3 
 275.1 342.4 385.0 305.3 
 305.6 323.8 427.3 335.7 
 334.3 158.2 327.5 43.3 
32510
 332.6 180.2 342.8 399.9 
 248.1 214.0 276.8 347.5 
 396.8 195.4 429.0 330.6 
 268.4 345.8 383.3 312.0 
 300.5 322.2 425.6 328.9 
 329.2 166.7 325.9 39.9 
57174
 354.6 192.0 368.1 121.0 
 336.0 112.6 305.6 161.6 
 412.0 124.4 385.0 197.1 
 298.8 159.9 298.8 195.4 
 315.7 202.2 381.6 198.8 
 364.7 114.3 369.8 55.1 
57180
 361.3 114.3 346.1 197.1 
 324.2 110.9 285.3 165.0 
 407.0 121.0 386.7 197.1 
 281.9 163.3 246.4 207.2 
 330.9 219.1 386.7 198.8 
 354.6 117.6 361.3 50.0 
57204
 330.9 107.5 339.4 208.9 
 295.4 126.1 266.7 181.9 
 374.9 104.1 385.0 186.9 
 263.3 180.2 209.2 175.1 
 334.3 197.1 381.6 183.6 
 320.8 107.5 315.7 39.9 
57249
 339.4 129.5 339.4 244.4 
 288.7 126.1 259.9 193.7 
 386.7 121.0 407.0 198.8 
 256.6 190.3 285.3 219.1 
 386.7 217.4 407.0 200.5 
 336.0 127.8 337.7 41.6 
60559
 474.6 203.8 486.4 381.3 
 440.8 230.9 427.3 328.9 
 550.6 227.5 564.2 327.2 
 422.2 325.5 396.8 249.5 
 564.2 328.9 577.7 396.5 
 467.8 197.1 467.8 112.6 
60562
 471.2 202.2 488.1 389.8 
 432.3 227.5 430.6 339.1 
 545.6 224.1 560.8 327.2 
 427.3 337.4 386.7 257.9 
 562.5 325.5 576.0 398.2 
 464.4 188.6 466.1 107.5 
60566
 471.2 207.2 491.5 393.1 
 434.0 229.2 437.4 344.1 
 554.0 220.7 565.9 335.7 
 434.0 337.4 379.9 268.1 
 569.2 332.3 582.8 401.6 
 464.4 203.8 464.4 110.9 
60570
 478.0 208.9 505.0 398.2 
 439.1 241.0 447.5 352.6 
 557.4 230.9 581.1 350.9 
 442.5 342.4 388.4 279.9 
 577.7 339.1 589.5 401.6 
 472.9 205.5 467.8 116.0 
