4508
 471.4 148.1 425.9 272.6 
 309.7 160.1 376.5 110.7 
 542.8 167.0 589.3 151.5 
 320.1 192.7 371.3 207.1 
 613.7 161.1 602.8 142.6 
 483.4 138.5 514.6 91.7 
4512
 455.7 155.1 416.8 273.8 
 331.1 172.5 369.5 119.6 
 529.9 170.0 587.3 157.5 
 338.6 196.3 419.2 168.6 
 620.9 152.4 595.4 148.1 
 460.5 130.1 489.3 81.0 
4514
 453.6 150.2 432.3 271.7 
 375.9 115.4 339.0 161.1 
 524.5 168.1 586.7 156.8 
 342.0 194.9 431.2 153.8 
 589.9 149.5 620.5 151.6 
 457.3 127.1 476.8 74.2 
4516
 450.3 149.4 418.4 265.8 
 337.5 165.0 372.4 108.4 
 522.3 172.0 587.0 158.4 
 424.7 151.3 340.7 194.8 
 592.6 150.6 621.5 150.6 
 447.5 125.0 473.1 71.4 
5463
 259.8 260.8 266.9 155.9 
 220.3 220.9 222.0 153.1 
 310.6 164.9 310.6 218.7 
 237.0 287.7 217.3 237.1 
 286.4 279.4 306.6 231.6 
 267.4 135.5 269.7 97.4 
5466
 244.3 262.9 247.5 170.3 
 188.3 241.0 206.1 168.1 
 317.6 221.0 300.1 167.0 
 185.4 242.8 183.2 293.4 
 305.8 253.3 317.6 224.1 
 244.8 153.1 243.9 112.3 
5467
 244.5 183.3 239.1 283.2 
 178.6 244.8 198.9 188.8 
 299.8 180.4 316.7 228.5 
 159.3 312.1 170.9 257.1 
 314.4 248.5 322.7 230.8 
 238.0 167.9 230.0 127.8 
5468
 244.2 207.8 239.3 282.3 
 169.2 264.4 198.0 204.4 
 298.3 192.3 312.7 233.7 
 138.4 319.7 164.5 270.2 
 317.7 251.0 320.3 241.6 
 238.2 196.7 218.2 156.1 
5501
 326.6 195.7 331.5 106.8 
 262.2 143.2 282.1 98.5 
 381.5 150.2 370.9 119.0 
 255.3 163.0 293.5 139.8 
 382.3 152.3 420.1 118.7 
 326.6 91.1 329.8 52.0 
5504
 324.2 120.8 320.1 207.2 
 256.4 165.8 276.5 118.2 
 365.0 127.1 380.4 166.2 
 246.3 172.7 267.3 182.4 
 383.1 173.0 403.5 139.0 
 322.9 100.5 324.2 63.3 
5507
 305.0 223.5 314.6 122.4 
 254.5 180.4 268.6 140.7 
 361.9 129.3 368.6 180.3 
 251.3 183.7 247.4 210.9 
 373.9 196.9 388.2 174.1 
 317.5 101.4 318.0 63.7 
5509
 308.5 118.5 296.4 221.6 
 262.1 176.9 268.1 130.1 
 362.4 181.4 362.4 129.7 
 239.3 212.1 258.4 183.3 
 365.4 207.2 378.2 185.6 
 310.8 100.9 312.6 63.5 
5748
 302.2 194.6 293.3 339.0 
 194.8 248.2 225.4 189.0 
 356.5 190.8 375.0 257.4 
 160.5 235.5 181.2 281.4 
 382.7 273.8 396.8 188.7 
 308.1 132.1 302.0 92.1 
5751
 290.1 138.3 282.1 262.9 
 178.1 196.6 205.7 135.7 
 344.9 145.1 380.7 198.8 
 155.4 248.4 176.2 200.4 
 391.5 214.7 415.9 178.1 
 297.4 72.5 290.7 39.2 
5755
 283.3 158.9 287.5 284.2 
 186.1 230.3 204.8 156.7 
 337.7 178.5 370.0 253.6 
 191.7 295.6 185.3 238.1 
 365.6 267.0 407.7 300.7 
 288.2 96.1 274.4 63.3 
5758
 279.9 207.1 281.0 337.0 
 183.2 290.4 191.5 210.7 
 327.8 221.1 336.7 308.5 
 202.4 339.1 182.0 295.9 
 374.0 365.8 340.9 323.4 
 282.7 141.8 275.0 102.2 
6410
 353.8 166.0 350.9 226.8 
 324.3 194.9 326.8 170.9 
 388.9 198.7 382.5 172.1 
 319.2 208.7 322.9 195.9 
 400.1 212.3 389.7 201.9 
 357.1 151.0 356.4 127.3 
6412
 358.3 163.9 358.9 225.4 
 321.4 196.0 327.9 171.8 
 389.9 196.5 387.6 170.8 
 310.8 208.9 319.2 197.8 
 390.5 199.3 405.1 211.1 
 358.4 144.6 358.0 121.6 
6420
 358.4 153.9 358.4 223.1 
 318.0 181.5 325.6 163.5 
 392.9 173.9 391.7 154.5 
 305.0 205.4 315.8 184.3 
 408.0 203.6 395.4 177.8 
 356.3 131.8 356.3 106.6 
6423
 357.7 152.9 359.1 228.6 
 321.2 177.0 323.1 157.0 
 393.6 178.6 390.1 160.5 
 305.0 207.6 319.2 180.5 
 406.4 200.3 395.3 182.4 
 353.5 128.7 353.2 102.3 
6448
 300.1 155.9 298.0 279.5 
 252.9 231.5 251.6 168.7 
 356.1 175.7 362.7 237.2 
 250.5 291.8 253.5 234.8 
 371.4 309.3 364.0 242.2 
 287.2 127.5 283.7 81.7 
6450
 290.3 149.6 290.3 274.6 
 245.3 226.9 241.4 158.2 
 357.2 230.6 344.6 178.9 
 232.3 283.2 245.2 232.1 
 366.1 300.6 358.5 239.2 
 276.0 120.5 272.6 71.4 
6453
 275.6 162.4 271.2 292.7 
 227.2 235.9 225.6 180.8 
 346.3 251.7 340.0 178.5 
 202.6 277.3 227.7 242.5 
 357.5 307.2 347.8 256.7 
 261.3 131.5 257.9 81.1 
6455
 264.6 177.4 254.7 320.9 
 215.9 250.3 213.4 195.8 
 339.4 262.8 331.5 186.5 
 189.5 296.8 215.4 259.0 
 354.0 329.9 341.6 269.9 
 247.6 141.6 242.5 89.9 
6705
 327.5 239.3 334.7 158.7 
 294.9 218.9 304.8 172.5 
 380.2 222.0 373.7 167.3 
 275.8 271.2 291.5 224.1 
 375.6 286.5 379.5 231.6 
 343.1 132.4 347.3 102.0 
6733
 235.1 266.7 240.2 172.6 
 196.6 185.9 192.0 246.7 
 291.5 231.4 284.0 177.6 
 190.7 254.2 200.2 303.9 
 303.8 280.2 287.2 243.8 
 247.3 145.5 245.4 106.7 
6915
 195.6 303.7 202.4 175.5 
 119.3 270.7 143.5 191.5 
 265.9 277.0 259.6 189.9 
 118.6 277.2 89.8 359.0 
 273.3 372.9 262.7 288.4 
 208.3 151.8 208.9 107.5 
6929
 205.8 187.9 201.6 331.0 
 132.4 313.8 140.7 210.3 
 262.4 290.8 258.7 196.0 
 134.1 402.8 128.8 319.9 
 264.0 310.8 270.1 381.5 
 215.8 156.3 217.2 104.3 
6986
 324.6 179.1 324.6 262.5 
 270.5 224.7 284.5 174.1 
 364.1 238.6 355.9 184.2 
 270.4 227.7 320.4 252.9 
 379.4 283.9 364.3 242.4 
 324.9 159.4 328.4 122.6 
7041
 471.6 208.0 474.8 362.8 
 395.7 281.2 419.0 197.0 
 555.5 309.1 547.8 215.2 
 398.2 284.1 457.0 329.7 
 565.2 385.6 556.3 315.0 
 494.0 163.6 493.4 103.9 
7074
 361.6 226.8 330.0 393.9 
 301.4 301.7 326.3 224.0 
 428.2 340.8 434.5 236.6 
 303.6 304.9 317.7 340.6 
 367.6 399.6 430.3 352.6 
 371.6 184.8 395.5 124.5 
7162
 176.8 214.2 172.1 343.6 
 129.5 282.2 139.2 210.4 
 206.3 283.8 230.5 208.3 
 128.7 290.5 166.6 309.9 
 140.8 349.8 202.6 294.9 
 193.0 183.3 194.6 131.9 
7312
 239.8 142.7 240.2 203.3 
 207.6 174.8 211.7 146.5 
 266.2 179.7 263.2 147.6 
 242.7 190.2 208.0 178.4 
 274.3 214.8 266.5 185.8 
 244.1 130.8 244.1 107.7 
7320
 243.4 143.8 248.2 204.7 
 206.2 182.4 213.3 144.6 
 264.6 179.3 262.1 146.4 
 205.9 183.3 245.5 194.7 
 271.3 218.8 265.3 188.9 
 246.5 127.9 245.6 102.1 
7328
 254.4 143.6 258.0 207.8 
 219.6 185.4 224.3 145.1 
 279.6 183.6 277.0 146.3 
 218.4 188.5 261.1 198.5 
 290.7 224.6 280.4 191.7 
 259.2 128.8 259.7 101.3 
7348
 312.5 140.5 314.6 218.7 
 269.9 182.1 278.0 138.6 
 339.7 187.7 340.4 143.0 
 270.8 188.0 319.5 203.4 
 346.6 234.4 340.3 195.8 
 309.2 121.3 307.6 90.5 
7364
 113.6 144.7 118.7 294.7 
 21.3 258.6 41.0 155.0 
 170.3 232.6 141.3 150.9 
 35.8 371.5 15.4 274.2 
 227.3 315.2 178.4 245.1 
 123.4 112.4 126.5 48.3 
7376
 197.6 147.1 204.7 304.4 
 96.0 284.4 103.6 171.2 
 258.0 251.0 240.7 144.6 
 129.8 394.3 99.0 298.2 
 282.7 346.6 258.6 262.2 
 170.8 119.6 164.6 51.3 
7386
 272.7 324.8 276.7 156.2 
 167.0 288.5 198.5 170.2 
 361.8 272.3 348.4 155.1 
 142.2 392.5 161.0 294.7 
 372.2 372.6 363.7 276.8 
 248.7 125.3 252.7 57.6 
7402
 391.5 337.3 400.2 170.2 
 288.4 281.4 307.6 179.2 
 481.7 288.9 476.7 173.0 
 278.1 391.8 287.7 289.1 
 463.5 397.1 481.8 302.3 
 380.3 125.9 384.7 56.3 
7406
 249.3 376.8 257.2 246.4 
 205.8 240.5 198.1 319.3 
 322.0 259.2 348.9 333.8 
 184.0 404.7 195.9 327.8 
 349.2 337.8 381.7 402.9 
 245.8 193.7 265.1 145.8 
7419
 258.5 392.8 247.7 246.9 
 162.8 334.4 184.9 253.7 
 327.2 322.1 300.6 255.2 
 140.5 403.4 159.9 337.8 
 354.4 373.4 327.2 327.4 
 245.4 205.8 253.6 151.4 
7421
 242.7 236.2 259.9 379.2 
 181.2 247.5 165.8 334.7 
 323.7 315.9 294.5 245.8 
 149.7 404.8 162.7 338.8 
 355.4 372.1 325.7 321.6 
 248.9 203.4 251.4 144.4 
7441
 270.8 228.2 272.5 352.6 
 190.1 328.4 207.0 233.2 
 313.8 307.9 313.8 228.6 
 172.9 403.6 187.1 336.6 
 316.0 309.9 363.6 343.4 
 279.0 139.0 286.3 185.5 
7536
 356.3 243.9 356.3 135.6 
 295.9 148.6 291.5 222.6 
 403.3 142.8 409.1 218.2 
 288.6 232.8 298.8 293.7 
 413.5 229.9 414.9 283.6 
 359.3 111.5 357.5 69.3 
7538
 355.2 139.7 356.1 252.1 
 292.1 149.9 290.7 229.9 
 404.1 145.5 412.9 222.6 
 268.9 301.2 286.3 238.6 
 411.4 232.8 420.1 280.8 
 360.3 112.8 358.3 70.3 
7543
 358.2 281.4 354.4 166.3 
 263.3 259.0 286.3 185.0 
 420.2 236.9 409.5 164.5 
 234.8 321.0 262.1 265.4 
 432.2 275.9 422.5 242.1 
 357.8 136.8 355.7 88.7 
7547
 351.0 158.5 357.2 282.3 
 271.4 277.7 277.8 180.6 
 418.5 251.3 401.2 167.1 
 253.1 356.9 268.8 286.3 
 427.9 326.3 420.4 260.5 
 354.6 137.7 353.1 87.1 
7579
 500.9 290.3 507.4 134.3 
 419.7 221.5 443.3 150.9 
 579.8 230.7 570.0 163.1 
 401.4 290.9 418.0 231.3 
 572.4 298.4 578.6 238.9 
 517.2 109.5 523.0 65.0 
7591
 507.5 131.2 492.9 261.6 
 426.0 197.1 442.8 141.6 
 573.7 225.8 565.1 164.1 
 412.1 233.6 424.7 199.1 
 592.7 288.8 573.6 240.6 
 504.3 109.5 512.9 67.0 
7633
 451.7 273.4 414.4 128.7 
 363.7 266.6 360.1 168.7 
 478.1 131.8 515.6 176.7 
 385.8 341.8 363.8 272.5 
 578.8 217.2 525.3 185.8 
 438.4 100.3 425.3 59.3 
7669
 123.5 293.0 142.1 118.4 
 44.2 222.7 62.6 141.4 
 219.0 251.1 207.7 161.2 
 34.9 314.9 39.4 229.9 
 228.0 316.2 221.7 258.0 
 153.5 100.2 158.0 53.0 
7995
 376.9 250.4 365.2 139.0 
 295.7 217.8 315.2 132.5 
 441.9 172.5 399.8 134.4 
 296.0 218.6 386.1 231.8 
 480.7 198.3 443.4 176.9 
 372.0 110.4 368.5 60.7 
8007
 339.1 142.7 337.6 263.3 
 293.5 140.9 274.6 221.5 
 384.9 139.0 434.1 149.1 
 273.0 225.0 344.0 237.8 
 439.3 152.4 446.8 108.2 
 344.3 113.3 341.0 64.3 
8031
 397.3 262.6 413.2 143.7 
 363.7 226.1 378.9 153.2 
 457.4 135.6 492.9 193.0 
 365.6 225.7 399.3 239.2 
 497.8 196.0 503.7 250.3 
 419.6 118.9 414.4 69.8 
8034
 421.1 141.9 401.3 255.1 
 369.0 218.7 387.2 146.0 
 479.1 210.7 468.0 140.6 
 409.4 239.3 371.3 220.8 
 483.1 284.0 481.0 214.6 
 430.5 117.7 423.0 71.8 
8482
 250.6 176.1 229.3 277.5 
 269.8 221.5 216.6 184.0 
 273.7 174.8 288.7 238.2 
 275.8 224.9 323.3 180.0 
 303.8 289.4 290.0 242.6 
 258.4 156.4 249.5 118.1 
8503
 249.1 180.6 237.5 282.6 
 208.9 177.9 207.7 254.4 
 279.5 174.4 294.1 237.4 
 207.7 258.4 269.1 266.9 
 295.2 241.3 307.8 290.5 
 261.1 157.8 254.3 119.7 
8509
 252.0 179.2 234.8 280.9 
 211.3 170.9 209.1 247.6 
 278.6 166.3 294.7 238.0 
 209.5 253.4 264.1 281.8 
 310.6 290.2 295.0 240.1 
 261.6 155.0 255.7 119.7 
8547
 246.4 172.9 227.4 264.2 
 203.5 158.6 213.6 239.4 
 295.4 236.6 286.6 168.4 
 213.3 243.7 248.8 288.5 
 307.8 286.5 297.1 240.9 
 231.5 144.9 239.7 101.1 
8629
 295.3 222.1 275.5 127.8 
 228.1 187.0 245.3 129.1 
 351.8 160.4 322.2 117.5 
 212.3 243.7 226.7 201.0 
 352.2 218.9 351.7 167.2 
 262.6 106.8 261.2 72.5 
8645
 322.1 232.7 323.7 129.4 
 272.2 192.1 276.8 137.1 
 385.8 180.9 378.0 126.6 
 267.1 248.1 271.2 199.4 
 385.1 240.1 386.7 187.2 
 322.9 106.6 321.7 68.6 
8681
 334.6 139.2 332.8 269.0 
 258.5 231.8 277.8 142.1 
 404.9 216.6 391.6 139.1 
 256.3 302.5 258.1 236.7 
 414.3 295.6 402.1 221.5 
 332.6 112.4 334.9 62.9 
8694
 309.1 151.9 315.9 298.6 
 236.3 261.5 248.0 161.9 
 373.0 147.9 389.6 230.4 
 236.6 345.7 236.6 267.8 
 407.1 314.6 389.6 242.3 
 310.4 124.5 308.4 70.2 
9097
 428.1 167.0 419.4 336.2 
 364.4 172.7 362.8 243.7 
 519.6 261.4 505.2 172.3 
 379.2 265.7 363.5 247.4 
 448.6 289.5 518.3 265.2 
 418.4 142.7 419.3 90.2 
9099
 418.5 317.9 429.5 165.3 
 365.3 171.8 361.2 245.9 
 508.6 170.6 517.6 258.9 
 380.4 265.6 361.2 249.9 
 450.4 290.8 517.4 263.5 
 418.3 142.6 419.0 92.9 
9103
 426.2 164.0 419.0 321.1 
 364.3 244.7 369.3 171.3 
 516.1 257.5 506.7 175.3 
 376.9 266.9 360.0 248.3 
 451.6 288.4 516.3 261.9 
 417.1 144.4 415.6 95.6 
9113
 426.6 164.6 413.7 321.3 
 360.3 248.3 365.3 176.9 
 517.1 257.5 505.9 173.3 
 377.1 268.2 358.3 249.9 
 450.2 286.2 517.5 261.3 
 419.6 144.5 417.1 94.6 
10662
 213.8 349.8 205.1 232.6 
 147.6 235.2 146.0 323.6 
 259.1 315.0 255.3 235.6 
 196.8 394.2 147.0 328.5 
 236.6 398.3 258.2 322.7 
 212.2 191.7 212.2 145.9 
10668
 210.5 230.0 210.5 340.4 
 148.2 323.9 151.6 238.5 
 265.7 301.4 262.1 237.2 
 195.0 394.1 149.1 329.4 
 246.4 384.1 265.7 308.0 
 215.3 191.4 216.4 147.2 
10676
 211.1 230.2 213.3 338.3 
 152.1 323.8 152.8 236.4 
 267.5 312.9 264.0 237.6 
 152.1 325.7 198.8 393.8 
 239.9 398.2 268.0 320.6 
 214.7 194.1 216.3 148.3 
10709
 217.6 343.9 205.1 227.8 
 156.2 319.6 147.2 234.3 
 257.0 325.5 251.5 243.7 
 204.1 391.0 156.0 322.3 
 234.5 392.3 256.3 330.0 
 211.5 189.3 213.0 141.6 
10835
 194.3 228.0 191.9 339.2 
 131.7 317.0 128.9 250.0 
 252.4 306.8 250.9 242.9 
 170.1 387.7 131.1 320.8 
 227.7 383.7 249.5 315.5 
 183.3 194.2 184.3 145.6 
10837
 193.3 229.9 192.6 340.3 
 130.1 242.9 131.9 321.5 
 247.4 302.7 248.0 236.5 
 171.2 389.7 132.4 323.3 
 247.0 318.6 226.7 388.5 
 185.2 193.5 186.0 144.6 
10841
 191.7 228.0 195.0 339.3 
 129.1 239.4 134.0 311.5 
 245.2 317.5 245.9 240.1 
 174.0 385.9 136.2 323.5 
 225.4 394.4 246.0 319.3 
 190.0 193.5 190.6 146.5 
10843
 193.9 230.4 202.0 337.9 
 138.6 317.5 133.7 235.0 
 245.4 313.8 245.4 238.8 
 142.3 331.0 175.8 383.4 
 248.5 325.2 229.6 387.7 
 191.0 194.3 192.1 147.0 
10921
 357.9 195.8 359.6 96.6 
 296.8 136.0 320.8 94.0 
 406.3 149.1 402.3 108.6 
 298.4 149.7 325.5 122.0 
 381.5 160.7 407.7 152.4 
 356.7 84.1 363.2 50.4 
11001
 367.3 269.9 368.9 138.3 
 291.3 210.2 309.5 145.9 
 443.7 207.2 432.3 141.9 
 290.9 214.0 347.7 212.0 
 392.3 217.2 446.1 209.3 
 364.8 113.0 366.0 67.3 
11021
 358.4 144.6 367.8 296.9 
 274.1 236.5 284.6 160.6 
 446.7 221.4 426.7 144.8 
 275.0 245.0 350.2 229.4 
 392.1 232.6 440.6 227.6 
 354.6 120.7 354.6 66.7 
11031
 387.1 143.6 389.2 310.0 
 291.7 234.8 311.9 158.5 
 477.7 237.3 462.1 158.1 
 292.9 252.8 371.4 237.3 
 417.5 242.6 478.5 240.3 
 386.2 116.8 390.6 54.9 
13075
 504.6 118.7 500.4 195.4 
 463.0 168.9 473.2 128.0 
 546.7 123.4 551.4 164.9 
 460.3 172.5 483.3 176.4 
 526.9 154.1 549.6 174.8 
 503.6 112.7 502.6 90.7 
13081
 484.0 121.7 480.8 196.4 
 441.6 168.2 455.3 128.0 
 536.4 162.0 526.5 123.7 
 441.3 171.4 461.8 181.6 
 506.0 159.6 536.9 170.4 
 485.6 112.9 485.6 92.7 
13083
 478.0 119.4 475.7 196.5 
 439.2 170.1 448.4 126.9 
 527.6 160.2 518.5 123.7 
 436.6 171.9 455.9 183.2 
 501.3 158.5 529.4 168.2 
 478.1 114.4 478.1 93.5 
13087
 465.7 120.4 463.2 192.8 
 425.6 167.8 435.4 127.5 
 516.0 158.4 504.9 124.2 
 423.8 171.7 444.2 184.5 
 497.4 156.1 515.5 171.5 
 464.7 114.9 465.6 93.8 
15262
 362.0 253.4 350.9 153.6 
 307.6 246.5 310.0 176.9 
 408.6 245.7 406.3 135.3 
 281.1 301.9 307.2 250.2 
 402.1 350.0 409.1 248.7 
 339.2 120.8 341.1 66.3 
15311
 363.5 276.7 353.4 155.5 
 319.2 254.1 310.3 174.1 
 410.4 139.0 412.5 240.2 
 300.3 304.4 319.3 258.6 
 400.5 351.8 411.4 243.1 
 338.7 128.5 337.9 71.5 
15332
 359.6 271.0 355.4 143.1 
 309.4 240.3 311.5 162.8 
 412.9 131.8 410.2 235.2 
 311.8 289.5 309.0 243.7 
 403.3 342.8 408.6 239.6 
 354.4 118.2 353.5 59.3 
15402
 363.0 258.9 356.4 149.3 
 319.5 235.1 320.6 162.6 
 407.2 233.1 409.1 130.9 
 316.0 313.6 319.0 241.7 
 401.0 350.7 407.6 238.9 
 348.7 120.0 345.6 58.9 
16895
 338.7 187.5 328.5 306.3 
 234.0 232.6 289.9 179.1 
 435.3 241.3 395.2 193.1 
 193.1 286.6 231.4 234.2 
 495.9 296.5 437.5 241.7 
 353.9 173.2 355.5 129.1 
16896
 329.8 328.2 332.1 194.5 
 225.8 236.6 291.3 178.8 
 429.5 234.0 384.1 192.8 
 177.3 285.4 222.6 237.4 
 493.7 279.8 430.4 235.4 
 346.5 181.0 347.8 137.3 
16897
 326.1 332.0 324.6 199.0 
 214.5 229.8 272.4 191.0 
 428.9 233.2 375.8 198.4 
 163.3 279.8 212.4 231.6 
 475.9 258.5 430.2 233.5 
 334.2 191.4 337.0 146.5 
16899
 301.9 331.8 296.9 215.9 
 173.0 226.2 238.8 198.8 
 324.6 182.5 362.5 197.0 
 159.2 260.3 161.7 228.9 
 388.6 220.9 365.5 197.4 
 295.1 206.9 297.3 166.0 
17144
 354.6 154.9 340.2 292.4 
 246.0 237.9 271.8 161.5 
 432.8 234.9 400.9 175.5 
 300.8 295.5 245.5 242.8 
 482.8 301.7 433.3 239.4 
 384.2 131.6 385.4 75.7 
17145
 342.6 312.3 356.4 161.5 
 263.6 168.2 243.0 240.2 
 434.9 237.4 407.8 183.2 
 248.1 246.1 303.4 300.6 
 477.2 289.1 440.3 241.7 
 386.8 135.6 386.2 77.8 
17146
 341.1 314.2 366.2 174.1 
 252.5 247.6 273.9 178.2 
 440.8 242.1 415.7 196.4 
 248.2 249.8 308.9 309.2 
 443.2 243.3 472.6 281.1 
 398.2 152.3 395.9 92.0 
17148
 345.5 321.8 384.8 195.3 
 265.5 263.5 297.9 196.1 
 438.1 260.9 424.1 208.5 
 333.4 329.6 265.4 270.0 
 445.7 298.1 440.1 263.0 
 401.6 174.4 413.2 117.4 
17277
 111.3 376.9 138.9 234.4 
 31.7 295.2 60.5 232.1 
 188.5 240.0 204.5 311.1 
 40.9 339.2 28.7 304.8 
 214.6 354.7 208.8 317.0 
 149.1 196.7 151.0 140.2 
17279
 143.3 245.2 130.9 398.8 
 42.3 303.7 60.5 249.0 
 193.2 263.4 210.7 323.0 
 42.4 308.5 54.4 353.5 
 222.3 387.0 220.9 334.6 
 150.6 207.5 152.5 152.8 
17281
 151.9 258.8 147.9 401.0 
 57.9 325.1 77.9 266.6 
 220.4 338.0 208.8 261.1 
 82.2 372.8 57.7 335.5 
 224.8 342.4 239.3 391.7 
 161.2 164.0 156.6 221.2 
17283
 167.0 251.4 171.2 393.2 
 64.4 325.6 93.5 258.7 
 213.6 245.2 222.3 313.5 
 62.1 328.2 104.6 378.2 
 258.6 368.9 227.8 327.8 
 168.7 212.9 169.7 156.0 
17566
 284.6 116.1 252.4 250.8 
 211.1 190.2 233.8 136.9 
 338.3 136.2 328.1 198.5 
 222.9 258.4 214.3 196.4 
 369.0 266.1 331.9 207.2 
 306.3 63.4 305.7 98.3 
17576
 280.7 116.8 255.0 278.8 
 206.2 201.8 225.2 140.5 
 333.6 137.4 336.4 198.2 
 205.3 206.2 212.3 257.8 
 342.5 206.7 374.4 256.8 
 291.0 71.0 286.8 101.0 
17591
 308.9 271.5 330.4 123.7 
 257.4 198.9 272.6 149.9 
 385.9 144.4 387.4 201.9 
 259.0 265.4 254.2 208.4 
 390.4 209.8 415.6 258.1 
 342.7 110.5 357.7 91.9 
17618
 391.3 142.3 379.2 263.1 
 326.6 205.4 343.4 147.5 
 451.8 211.9 447.8 149.0 
 320.5 269.1 322.5 210.3 
 474.9 266.3 454.9 224.5 
 402.7 115.5 399.9 83.1 
19085
 451.5 201.9 452.9 133.1 
 399.6 178.3 414.1 140.4 
 488.9 168.9 473.2 133.0 
 408.5 200.9 399.3 180.6 
 489.2 170.1 501.7 185.4 
 453.2 120.0 455.8 96.6 
19106
 450.8 129.1 448.7 200.1 
 389.9 183.6 407.3 136.9 
 481.2 125.5 495.9 171.4 
 385.7 216.5 389.3 183.9 
 496.6 174.4 498.4 199.6 
 444.2 111.9 447.1 83.1 
19148
 458.3 138.5 455.5 242.3 
 383.0 206.6 413.9 144.2 
 505.3 135.3 535.6 195.9 
 373.8 228.5 382.8 207.9 
 556.7 256.6 536.7 196.7 
 444.1 119.0 443.8 75.9 
19169
 403.3 148.6 407.9 257.4 
 297.4 233.4 338.8 174.0 
 463.6 134.8 512.5 201.9 
 251.2 284.5 298.0 237.2 
 529.5 274.3 516.0 204.8 
 387.7 124.8 384.1 72.8 
19392
 399.4 210.3 395.2 385.9 
 279.7 247.6 317.8 189.2 
 553.9 310.6 513.8 216.5 
 219.0 281.2 277.3 248.2 
 584.6 389.0 554.1 311.2 
 374.7 157.4 392.5 81.6 
19404
 374.7 180.2 367.1 384.7 
 234.4 231.8 284.9 165.1 
 445.0 176.4 488.0 281.5 
 221.7 231.1 217.3 105.7 
 490.7 286.5 520.7 385.4 
 366.5 131.2 371.9 73.9 
19414
 355.4 212.2 354.3 387.3 
 228.6 278.5 271.4 192.3 
 425.1 172.6 473.5 283.7 
 162.5 360.6 226.8 282.0 
 475.4 284.4 519.0 382.2 
 352.8 205.9 361.5 154.7 
19426
 391.4 170.3 334.2 331.2 
 214.2 188.9 296.6 121.5 
 466.5 280.9 456.2 175.5 
 155.8 292.3 210.0 191.0 
 503.5 356.0 463.6 286.4 
 404.2 166.0 446.3 100.0 
19812
 359.7 163.4 358.8 295.8 
 315.5 228.4 314.5 172.4 
 421.5 174.3 441.2 252.8 
 287.0 285.2 314.1 230.9 
 375.0 258.0 441.8 257.1 
 366.7 154.7 367.5 104.6 
19816
 355.3 173.1 357.9 310.7 
 286.8 237.4 293.7 192.5 
 416.2 180.6 433.9 251.9 
 250.7 300.1 284.4 242.1 
 378.5 276.8 439.5 256.9 
 367.6 163.8 367.1 118.4 
19820
 344.1 179.1 349.1 317.5 
 258.0 261.5 273.9 199.3 
 403.4 172.3 424.6 241.0 
 230.0 323.6 255.6 265.2 
 387.9 291.2 427.6 249.0 
 365.5 159.1 361.4 109.0 
19824
 336.3 176.1 337.2 313.0 
 248.0 264.0 266.9 181.1 
 386.4 169.0 397.4 242.6 
 245.0 266.7 270.5 314.6 
 387.3 290.4 396.3 243.0 
 354.3 149.3 359.0 95.8 
21693
 281.5 193.9 287.7 363.8 
 222.5 326.7 227.7 211.6 
 353.4 197.4 371.1 320.9 
 222.7 330.2 335.3 304.8 
 306.2 331.8 370.9 330.2 
 267.8 160.2 265.0 83.4 
21695
 282.2 201.2 286.8 354.0 
 226.8 324.3 230.6 207.4 
 352.8 194.0 373.4 324.9 
 226.7 332.4 333.5 306.6 
 296.1 334.0 372.9 329.3 
 269.5 162.4 262.6 88.6 
21703
 285.7 197.0 286.8 366.9 
 224.6 326.7 227.7 217.4 
 357.3 196.5 372.8 314.1 
 221.9 337.3 326.8 309.2 
 304.6 333.6 366.5 325.8 
 272.9 158.0 265.6 84.5 
21714
 289.3 190.1 287.3 369.4 
 229.0 213.8 222.9 320.9 
 368.3 195.2 368.3 316.9 
 220.7 339.9 321.5 302.8 
 298.7 330.2 368.9 325.2 
 265.4 150.6 261.4 79.9 
21806
 296.9 195.5 311.2 359.8 
 232.9 213.6 241.7 312.3 
 365.8 209.2 392.5 303.4 
 245.3 324.2 347.1 296.2 
 318.4 325.3 389.0 324.3 
 288.5 153.0 290.3 86.4 
21818
 297.5 193.7 307.3 362.8 
 230.6 217.2 237.5 313.2 
 368.9 205.5 388.6 313.9 
 236.7 320.3 339.2 293.8 
 307.5 326.6 390.5 324.4 
 290.2 80.5 290.2 150.7 
21860
 294.9 185.8 305.4 349.7 
 231.2 308.9 229.5 211.3 
 367.9 199.0 383.5 304.6 
 231.7 318.6 336.6 288.7 
 305.6 320.2 384.1 321.0 
 289.3 74.6 286.2 142.3 
21884
 294.8 185.5 306.6 363.2 
 231.3 211.2 226.2 307.2 
 366.7 203.7 380.5 310.0 
 225.0 315.6 329.5 290.1 
 298.3 324.5 378.3 318.0 
 285.3 146.3 288.0 79.2 
21967
 294.4 183.5 313.3 370.6 
 234.4 314.5 231.7 212.3 
 369.6 197.4 385.1 304.5 
 235.0 322.3 336.2 287.3 
 312.2 320.2 386.0 310.9 
 285.1 147.6 287.8 77.3 
21987
 312.8 171.4 361.7 329.3 
 249.0 196.5 282.7 314.9 
 373.5 171.3 410.3 280.1 
 284.1 318.8 368.1 269.7 
 350.2 305.0 413.0 286.6 
 317.9 142.3 325.2 75.5 
21999
 386.1 182.9 405.7 340.2 
 322.0 204.2 328.7 304.7 
 453.5 175.1 475.0 295.7 
 328.3 311.5 422.1 278.9 
 397.3 310.6 474.8 299.4 
 380.2 133.5 374.9 65.1 
22040
 389.9 176.8 387.4 339.7 
 330.5 195.4 314.2 287.5 
 457.2 178.9 459.3 297.1 
 316.2 298.9 411.1 277.7 
 384.9 304.9 460.3 299.2 
 385.6 131.3 385.6 66.5 
22096
 435.4 193.0 435.4 366.8 
 379.9 215.2 360.7 311.8 
 505.0 204.4 504.0 320.3 
 362.3 326.0 451.3 298.3 
 430.3 327.2 501.1 326.7 
 428.7 152.3 427.5 89.4 
22101
 448.5 193.3 446.3 359.3 
 387.5 208.9 374.1 298.6 
 524.2 207.4 518.3 315.0 
 372.4 311.5 469.3 287.7 
 444.3 315.6 516.6 319.6 
 429.4 151.9 424.5 81.7 
22107
 439.1 177.8 421.3 349.0 
 403.9 201.5 373.4 266.8 
 448.5 296.2 482.2 191.1 
 363.9 287.1 422.9 274.1 
 409.3 292.6 444.5 306.6 
 424.2 136.9 422.3 68.2 
22168
 461.4 176.5 447.0 336.1 
 408.9 192.8 384.0 278.9 
 528.0 195.2 519.1 301.7 
 385.9 287.9 484.5 277.9 
 444.9 300.1 519.5 309.0 
 463.4 135.3 459.4 77.6 
22727
 439.5 190.3 425.9 347.9 
 359.2 285.6 382.4 210.3 
 499.8 307.8 506.6 201.5 
 360.4 307.0 451.6 283.2 
 425.2 312.5 491.9 315.0 
 438.6 87.1 436.4 150.6 
22730
 437.4 194.3 422.4 341.4 
 360.7 285.0 384.2 212.1 
 495.9 305.6 506.6 199.9 
 358.1 307.1 448.7 287.5 
 426.1 311.4 495.5 317.3 
 439.2 150.2 437.1 90.5 
22736
 444.0 187.9 426.2 340.7 
 361.1 286.7 383.0 210.3 
 498.3 307.7 507.7 208.3 
 365.8 305.1 449.3 290.9 
 429.5 312.5 493.5 321.9 
 437.9 153.9 437.3 90.0 
22740
 441.3 195.0 427.1 342.4 
 365.1 283.0 381.3 209.7 
 496.5 315.0 510.7 208.0 
 361.4 303.4 443.1 287.4 
 433.0 311.0 495.4 319.2 
 439.5 151.9 436.5 88.2 
23555
 352.6 154.8 336.1 235.6 
 253.8 168.5 307.6 158.1 
 432.2 174.4 393.3 169.0 
 245.5 166.4 225.7 130.4 
 439.4 165.5 417.2 119.3 
 348.4 142.2 349.9 104.0 
23556
 346.4 156.4 331.9 242.3 
 248.9 197.1 300.6 167.6 
 380.1 169.5 423.5 176.9 
 234.7 195.0 208.2 165.4 
 431.1 169.5 407.3 123.4 
 344.2 143.8 344.7 106.0 
23572
 286.8 130.9 283.9 227.7 
 257.6 210.6 254.2 150.6 
 348.4 208.8 334.3 135.7 
 223.9 264.0 255.9 217.1 
 351.4 272.2 350.8 218.0 
 280.4 113.7 280.8 76.3 
23574
 290.1 129.3 286.3 229.0 
 243.4 209.3 254.8 146.2 
 347.4 209.9 342.1 143.8 
 201.9 262.5 241.1 214.6 
 351.7 268.7 348.3 214.6 
 285.6 116.1 284.3 75.9 
23873
 72.0 221.0 73.0 255.3 
 46.0 247.5 50.4 225.7 
 91.5 240.8 86.1 226.5 
 47.2 268.1 45.4 251.4 
 96.6 258.6 90.9 243.3 
 73.6 212.8 74.1 200.6 
23925
 213.0 190.7 214.3 233.6 
 185.7 222.0 187.1 195.3 
 227.8 222.1 227.3 198.1 
 186.0 251.0 185.6 225.2 
 232.2 245.1 228.6 226.0 
 219.4 179.5 219.4 163.7 
23938
 237.0 181.8 239.4 227.4 
 206.1 218.5 208.7 188.7 
 257.2 211.5 253.2 189.6 
 205.2 247.7 205.2 221.6 
 264.0 234.2 258.7 215.1 
 239.7 169.2 239.4 152.9 
23964
 244.9 178.9 246.9 229.4 
 204.3 219.0 212.8 187.1 
 271.3 206.9 262.8 188.4 
 200.8 244.3 203.0 221.4 
 282.2 230.5 272.1 209.2 
 247.1 164.8 247.8 148.0 
24361
 334.6 163.0 352.7 244.4 
 281.0 238.0 267.1 169.9 
 426.3 197.5 406.4 128.6 
 307.5 301.4 279.9 246.8 
 406.4 235.2 424.5 204.3 
 327.6 151.0 328.9 96.7 
24395
 349.6 161.7 362.5 248.4 
 292.8 240.7 279.6 168.6 
 442.8 200.9 422.5 132.8 
 318.2 306.9 291.0 249.0 
 425.0 239.2 442.9 209.3 
 347.0 155.6 350.0 93.6 
24415
 362.3 178.6 374.7 263.0 
 304.6 252.4 291.9 180.6 
 456.3 211.9 433.1 143.9 
 330.4 317.8 303.3 259.6 
 438.9 249.1 455.0 218.3 
 358.4 168.0 364.1 116.3 
24450
 421.8 197.3 431.3 274.4 
 366.0 269.0 351.6 199.6 
 520.0 228.1 494.6 162.5 
 391.8 334.2 364.6 274.8 
 503.0 263.1 519.8 236.6 
 417.3 186.2 417.9 133.9 
24965
 435.6 153.2 431.3 222.5 
 390.9 194.1 404.1 171.4 
 490.5 191.1 475.6 155.1 
 368.5 217.2 386.2 199.5 
 500.0 224.1 492.0 196.1 
 419.2 131.8 418.2 106.9 
24971
 437.6 142.3 434.0 210.3 
 401.6 185.6 412.1 156.2 
 485.3 185.2 479.5 147.7 
 387.8 222.2 400.3 190.9 
 489.8 229.2 486.8 189.8 
 422.9 120.4 423.2 90.9 
24992
 397.2 152.5 391.6 223.2 
 360.3 196.0 370.9 174.8 
 451.0 190.7 438.3 150.3 
 330.2 218.7 359.6 199.4 
 460.0 233.9 451.9 196.8 
 379.1 143.4 369.2 123.3 
24998
 380.0 166.3 380.0 222.2 
 359.8 201.8 362.3 173.1 
 432.0 195.4 419.8 156.1 
 343.4 243.6 358.9 206.9 
 438.4 247.9 434.9 201.5 
 366.6 157.6 350.3 140.4 
25416
 393.3 140.8 390.9 247.8 
 312.4 215.0 327.6 177.1 
 470.9 206.1 458.4 149.3 
 276.8 255.1 308.6 220.1 
 437.2 233.6 473.8 212.2 
 371.9 110.1 369.3 53.4 
25422
 351.6 133.4 356.7 248.9 
 251.7 235.0 280.5 180.4 
 434.0 196.9 412.0 139.5 
 209.6 278.4 246.3 244.3 
 421.3 239.3 440.0 202.8 
 317.0 116.0 314.7 62.5 
25437
 296.0 156.6 309.5 254.2 
 207.5 250.0 221.8 191.0 
 379.9 210.9 361.9 157.4 
 166.7 301.0 203.0 259.1 
 376.5 251.5 380.4 217.2 
 257.1 139.0 256.1 85.6 
25443
 292.7 177.1 301.7 263.9 
 199.5 261.3 213.5 203.4 
 367.1 201.7 349.5 152.3 
 183.4 319.6 198.0 268.1 
 368.9 267.0 371.4 210.6 
 259.8 162.6 255.7 105.5 
25638
 198.4 147.3 185.1 274.7 
 113.7 253.6 131.1 198.4 
 284.9 252.4 289.4 168.2 
 123.7 292.8 111.7 257.3 
 186.7 290.0 280.4 256.5 
 217.1 129.2 205.6 60.9 
25694
 202.0 146.0 187.6 274.1 
 123.3 260.5 138.5 203.2 
 288.4 157.2 287.6 248.9 
 130.9 308.1 123.8 265.8 
 183.8 292.4 279.1 254.5 
 215.4 128.4 204.2 59.4 
25718
 204.4 148.6 184.9 272.2 
 126.4 246.6 139.4 198.0 
 292.0 154.0 286.9 244.9 
 133.5 306.8 124.1 254.2 
 185.3 287.5 281.7 247.5 
 203.5 125.5 198.3 58.7 
25784
 204.6 145.2 189.0 266.9 
 127.8 234.7 139.9 189.5 
 286.3 249.1 288.1 151.4 
 127.9 287.8 123.1 238.5 
 188.1 285.4 278.8 247.5 
 214.1 118.3 208.6 52.4 
25787
 289.7 169.2 276.6 211.2 
 235.8 155.2 215.9 211.7 
 333.3 216.6 334.9 160.2 
 209.4 271.6 212.0 223.9 
 334.5 267.2 333.5 224.1 
 309.2 169.9 312.9 128.6 
25797
 301.2 133.6 293.4 205.0 
 229.0 206.2 237.1 135.3 
 347.1 187.1 344.7 115.4 
 241.6 268.0 229.9 215.4 
 351.8 252.4 348.4 198.0 
 308.8 109.5 307.9 66.0 
25885
 322.5 142.5 294.4 193.6 
 244.0 185.0 262.8 127.4 
 371.5 166.8 353.5 126.5 
 274.5 221.7 247.4 191.2 
 404.4 187.2 375.4 171.2 
 333.1 140.1 338.2 103.1 
25896
 318.2 171.6 289.7 216.0 
 241.6 217.1 253.3 153.4 
 386.3 194.7 363.8 143.7 
 271.3 252.4 244.2 224.9 
 416.9 218.9 388.7 200.2 
 328.7 170.7 331.4 132.5 
28326
 253.1 171.4 253.9 285.5 
 164.1 250.3 171.3 178.7 
 302.8 233.2 293.6 163.4 
 219.3 325.6 174.9 273.1 
 309.0 269.7 307.0 234.8 
 251.7 158.8 252.9 109.6 
28330
 254.1 167.5 254.1 289.1 
 169.4 245.5 176.5 181.5 
 305.7 225.3 299.1 164.2 
 238.8 329.6 188.3 286.0 
 311.1 268.8 309.5 232.6 
 253.4 157.6 256.4 119.8 
28332
 255.9 162.3 260.7 288.3 
 174.2 262.5 177.0 182.3 
 306.8 229.6 301.7 162.3 
 238.8 331.0 187.2 285.3 
 313.9 269.6 309.5 235.2 
 253.8 154.1 256.7 112.6 
28334
 255.0 167.3 258.5 290.3 
 173.4 254.2 178.5 181.0 
 305.1 232.7 300.6 167.7 
 237.1 331.3 189.4 292.1 
 311.4 269.5 308.1 237.6 
 259.9 150.8 261.3 103.4 
28366
 440.6 157.2 428.5 296.5 
 384.4 232.2 374.2 159.8 
 509.1 166.1 537.8 215.9 
 412.6 253.9 384.2 238.0 
 570.6 235.6 539.7 218.8 
 451.4 137.0 462.2 86.4 
28382
 445.0 163.3 444.0 301.8 
 375.9 170.3 373.2 262.8 
 528.7 249.3 512.1 181.0 
 414.0 313.9 374.1 273.4 
 546.5 309.6 530.2 258.9 
 453.1 134.2 457.2 84.0 
28390
 452.6 165.1 440.5 309.8 
 398.0 231.6 384.8 144.9 
 526.2 255.4 512.8 174.9 
 421.0 315.6 400.8 242.3 
 555.0 331.8 531.7 268.2 
 443.9 137.3 442.4 82.3 
28414
 456.9 168.1 446.0 309.9 
 383.6 253.7 385.0 160.1 
 539.4 258.7 527.3 192.2 
 404.1 331.3 380.9 268.4 
 587.0 331.7 543.3 268.6 
 443.8 129.8 445.4 75.0 
29789
 205.2 137.9 331.6 166.2 
 79.5 252.1 171.9 208.9 
 274.9 81.6 330.6 104.4 
 68.3 235.5 38.4 146.7 
 357.3 122.7 353.1 83.1 
 108.6 154.2 184.7 156.8 
29790
 206.2 147.1 326.9 190.6 
 71.7 255.9 171.2 213.3 
 257.7 71.7 324.1 92.8 
 66.2 242.7 48.4 153.6 
 339.5 73.9 371.3 107.0 
 111.4 161.2 186.8 159.7 
29791
 207.6 152.0 335.9 196.0 
 82.6 265.0 171.7 211.9 
 328.5 40.4 258.4 62.1 
 78.6 255.9 55.1 174.1 
 333.5 73.5 371.7 47.8 
 112.5 163.3 192.5 160.4 
29792
 214.7 157.4 346.4 203.4 
 100.1 272.4 174.9 221.4 
 320.8 27.8 254.0 53.8 
 79.7 273.0 64.7 218.4 
 366.4 35.6 326.6 90.0 
 117.9 171.3 200.4 168.8 
31537
 398.3 323.0 393.8 158.5 
 327.1 256.0 358.1 187.3 
 435.1 254.1 446.9 155.7 
 283.3 328.8 319.1 265.0 
 362.4 347.6 428.2 262.6 
 386.4 123.9 387.9 70.2 
31543
 394.4 160.4 389.2 298.7 
 344.8 275.6 357.3 206.6 
 502.9 253.0 461.2 170.5 
 302.2 357.5 339.5 284.7 
 506.5 261.4 547.4 345.6 
 389.7 122.7 388.3 66.6 
31555
 431.8 151.9 425.8 293.4 
 380.4 267.1 382.2 188.6 
 520.2 261.2 503.5 173.7 
 345.6 364.5 374.7 280.6 
 532.9 363.4 522.2 273.1 
 426.2 121.7 423.6 63.3 
31569
 452.6 155.6 438.5 313.3 
 396.0 262.6 399.3 184.9 
 538.4 259.5 529.0 168.4 
 375.9 365.9 397.1 271.5 
 549.6 366.0 545.6 274.6 
 444.7 121.7 439.9 63.9 
31621
 404.9 176.6 394.2 344.3 
 339.3 294.5 343.1 204.5 
 489.1 299.7 487.4 208.8 
 324.2 392.8 335.6 310.6 
 475.4 403.9 485.3 316.5 
 397.5 80.4 399.3 140.2 
31636
 406.1 176.6 396.4 350.7 
 323.2 284.1 341.3 201.0 
 481.8 297.0 481.8 196.7 
 293.6 369.5 317.8 298.1 
 443.9 364.0 480.8 307.7 
 397.5 144.0 397.0 79.1 
31646
 392.1 176.7 378.2 338.0 
 296.3 282.3 332.6 208.2 
 475.4 284.4 468.7 201.4 
 226.6 335.1 293.2 288.6 
 462.4 332.1 473.6 290.5 
 393.1 145.2 390.2 82.1 
31656
 361.6 196.9 355.2 370.0 
 289.3 315.5 301.2 232.8 
 476.2 301.5 445.8 214.2 
 255.9 405.1 285.0 322.4 
 517.2 406.1 481.4 319.8 
 357.4 156.4 355.0 89.9 
31773
 428.3 144.4 416.7 267.1 
 370.0 231.8 370.0 163.0 
 496.4 156.1 491.2 240.0 
 385.5 299.7 370.3 244.8 
 416.3 311.9 486.5 260.6 
 412.0 114.2 415.3 58.5 
31779
 430.8 153.0 424.1 272.5 
 378.1 240.8 373.5 179.5 
 498.1 250.4 504.3 163.3 
 388.7 275.8 375.5 248.3 
 424.8 301.1 496.5 268.3 
 418.5 121.9 417.9 63.9 
31806
 408.9 154.4 411.6 274.6 
 354.0 240.3 351.3 171.9 
 489.7 169.0 485.6 239.0 
 380.0 286.1 356.4 249.2 
 422.5 312.9 482.5 265.2 
 403.8 122.7 401.7 65.1 
31809
 408.9 153.9 410.8 274.5 
 356.5 241.4 351.3 172.8 
 486.0 244.4 486.0 161.8 
 379.2 285.2 356.1 252.5 
 419.0 311.8 483.5 264.0 
 402.2 118.4 400.2 59.4 
31830
 303.4 352.7 297.9 164.9 
 212.8 172.0 200.7 258.5 
 393.3 254.2 368.9 156.5 
 200.0 269.8 276.6 305.6 
 360.7 310.4 394.8 264.1 
 308.1 130.9 309.3 61.3 
31836
 296.3 356.0 291.1 176.7 
 180.8 269.5 199.9 182.3 
 392.5 235.2 357.9 155.9 
 182.0 275.0 246.3 332.6 
 368.0 270.4 401.2 246.4 
 301.2 129.8 300.6 63.8 
31842
 305.2 362.0 301.6 170.0 
 179.2 259.4 206.5 192.8 
 405.6 248.1 372.9 158.5 
 175.6 276.0 234.2 343.4 
 371.7 302.9 411.9 262.7 
 307.5 131.7 311.0 68.6 
31875
 301.7 172.2 305.4 354.3 
 203.5 262.5 215.6 182.7 
 394.2 263.0 379.1 160.4 
 238.7 328.2 202.9 282.7 
 380.5 303.4 400.6 275.0 
 313.8 144.6 316.8 75.6 
31892
 416.3 155.3 414.3 279.9 
 357.2 246.6 355.8 177.1 
 488.5 255.6 490.0 171.2 
 377.0 288.8 355.4 256.1 
 419.8 314.3 487.4 271.8 
 412.3 117.2 413.3 53.9 
31923
 417.2 162.2 413.3 282.0 
 359.3 256.2 357.9 170.1 
 485.9 266.7 490.7 175.3 
 354.5 263.3 377.9 297.7 
 429.5 314.9 486.5 277.0 
 411.1 122.8 411.1 61.9 
31931
 414.6 165.8 408.3 283.2 
 358.6 258.0 356.8 176.6 
 484.5 273.4 490.6 181.8 
 374.6 296.4 353.2 265.0 
 425.0 317.6 484.7 278.9 
 407.6 122.5 412.9 63.3 
31939
 413.8 168.4 410.7 284.6 
 357.1 258.0 355.8 179.7 
 488.9 265.3 488.9 178.7 
 353.9 262.7 376.1 296.1 
 421.3 323.5 483.5 281.0 
 409.1 124.5 411.0 63.7 
31977
 307.2 165.2 303.5 324.0 
 177.0 266.6 225.9 177.6 
 407.5 280.2 390.5 167.3 
 122.1 327.8 167.6 269.8 
 411.8 351.2 409.6 294.9 
 306.9 132.1 304.1 64.1 
32003
 302.2 173.7 299.8 324.1 
 200.2 270.0 207.9 177.0 
 387.2 282.7 377.6 179.8 
 202.7 327.6 195.2 280.2 
 403.0 361.0 390.8 299.8 
 298.0 129.6 294.9 60.8 
32024
 286.4 173.7 281.4 321.4 
 173.9 276.8 200.0 173.3 
 375.2 278.1 362.1 169.7 
 178.5 368.2 170.6 289.7 
 394.6 358.0 381.8 291.8 
 289.8 122.0 290.3 56.6 
32049
 313.9 181.0 315.1 328.6 
 208.6 261.4 226.9 171.6 
 397.8 245.4 392.8 160.7 
 246.5 292.2 211.1 270.8 
 370.0 296.7 404.6 254.1 
 319.4 130.1 319.4 61.5 
32055
 421.9 173.1 411.9 295.6 
 361.6 267.6 361.6 188.1 
 490.4 278.1 493.7 184.0 
 356.1 272.0 386.8 310.4 
 430.7 329.3 486.9 291.7 
 414.0 131.7 415.2 71.4 
32059
 427.5 170.6 416.7 291.4 
 360.0 265.5 362.8 184.7 
 490.6 283.6 496.0 191.8 
 355.5 271.8 385.6 310.2 
 431.2 331.6 490.1 293.4 
 417.2 126.5 404.7 71.1 
32063
 427.3 174.9 413.5 290.7 
 362.0 267.1 363.9 191.1 
 490.0 285.5 495.1 187.0 
 386.6 311.0 357.6 273.1 
 432.2 332.2 487.0 296.5 
 419.8 128.4 403.7 73.7 
32072
 427.3 173.6 415.1 289.5 
 361.5 267.0 366.1 180.8 
 490.4 281.6 496.0 192.5 
 389.6 312.9 357.6 274.3 
 431.7 329.6 485.3 293.8 
 422.0 131.9 404.8 75.1 
32400
 288.0 174.3 283.2 344.8 
 212.2 184.8 187.7 268.0 
 388.4 208.6 356.3 162.0 
 187.1 280.2 243.0 261.2 
 388.1 230.6 405.3 223.2 
 298.0 141.0 300.7 73.9 
32428
 308.2 175.1 301.0 374.2 
 203.7 273.2 217.8 186.9 
 385.6 276.7 376.7 170.9 
 207.5 277.7 246.3 337.9 
 380.4 365.5 389.6 290.9 
 315.4 118.3 317.8 55.9 
32432
 306.7 178.2 305.4 369.6 
 195.3 283.0 209.2 195.4 
 407.9 236.9 373.3 165.1 
 206.4 364.7 194.7 291.3 
 411.1 250.0 412.7 237.2 
 309.6 112.5 305.5 63.8 
32436
 300.8 117.8 296.8 307.2 
 205.5 231.4 219.3 134.6 
 384.4 220.5 365.4 122.9 
 211.6 329.5 204.3 239.1 
 410.1 300.3 387.7 236.7 
 299.9 50.9 299.4 13.2 
33771
 295.0 161.5 286.7 346.3 
 192.5 155.3 178.7 254.1 
 390.5 269.5 375.0 176.3 
 191.9 302.8 176.7 261.9 
 393.7 299.5 388.9 276.5 
 313.8 131.2 318.7 64.5 
33780
 285.6 164.5 278.0 333.5 
 171.7 252.8 187.9 178.9 
 376.9 258.0 365.9 180.8 
 176.2 310.1 166.6 261.0 
 384.0 305.9 375.1 278.7 
 301.2 128.1 309.1 58.3 
33798
 276.0 171.1 277.2 359.3 
 164.3 271.2 177.7 187.8 
 367.2 263.6 352.9 177.7 
 172.1 323.5 161.3 279.8 
 376.2 305.3 367.2 272.1 
 288.6 134.3 291.8 65.1 
33809
 280.3 178.3 280.3 363.1 
 161.9 285.6 181.6 184.5 
 371.7 279.9 361.8 189.5 
 181.0 401.6 161.4 297.8 
 380.6 364.9 374.3 297.8 
 293.6 138.3 294.2 68.7 
33868
 278.1 162.9 278.1 358.6 
 144.4 245.3 186.8 185.0 
 380.2 250.7 349.2 163.2 
 96.1 298.5 138.7 247.9 
 425.8 302.1 383.1 269.0 
 287.2 122.7 288.9 48.3 
33937
 278.7 166.9 277.5 366.3 
 159.5 282.8 176.8 191.1 
 372.8 289.5 351.2 180.6 
 159.8 372.2 155.2 290.9 
 398.6 349.0 370.8 296.0 
 287.7 133.7 289.8 61.6 
33986
 279.2 165.2 271.5 369.7 
 163.9 259.2 182.8 183.2 
 372.3 259.6 350.1 175.2 
 202.3 305.1 153.9 284.2 
 370.9 307.3 372.6 266.9 
 291.8 129.4 294.4 54.6 
34006
 273.7 167.6 278.5 370.4 
 178.9 295.1 179.8 183.0 
 361.3 291.7 345.6 178.8 
 182.5 404.2 178.7 307.8 
 373.8 401.8 363.6 313.0 
 282.6 126.3 281.9 54.6 
34163
 262.3 148.6 269.2 304.6 
 128.4 183.7 194.7 152.8 
 289.6 133.5 324.4 120.9 
 172.4 256.5 112.1 198.9 
 334.0 116.8 399.1 83.5 
 264.7 121.5 257.3 60.6 
34271
 339.7 296.0 342.9 149.8 
 270.8 216.8 283.4 162.8 
 389.7 214.7 385.6 167.2 
 282.3 258.4 267.3 223.1 
 390.4 256.7 389.3 223.3 
 346.8 133.9 349.3 89.8 
34289
 338.1 285.5 332.5 143.4 
 281.3 213.3 281.9 164.0 
 403.3 204.8 387.1 147.9 
 272.0 251.4 280.9 215.9 
 373.0 244.6 405.3 215.1 
 323.2 130.4 319.0 83.3 
34307
 312.6 272.4 318.6 133.7 
 280.2 200.8 282.9 163.7 
 391.8 202.3 380.8 139.7 
 259.3 242.9 282.0 206.9 
 330.8 236.0 392.5 215.1 
 317.1 119.1 311.0 70.5 
34929
 476.6 272.1 479.6 220.2 
 462.7 251.6 463.1 219.2 
 500.2 268.7 501.8 221.9 
 445.2 275.0 464.0 256.0 
 492.1 312.1 499.6 280.3 
 469.0 200.0 468.5 173.9 
34932
 476.3 273.5 479.6 222.1 
 462.8 254.6 464.3 216.8 
 498.1 266.6 501.7 220.4 
 442.7 276.8 461.8 259.8 
 492.7 308.5 498.4 275.6 
 469.3 200.6 467.3 173.8 
34944
 476.2 274.2 479.6 222.3 
 465.1 254.3 464.8 218.5 
 499.2 268.1 503.7 221.5 
 447.2 275.6 464.1 260.8 
 493.9 303.7 498.9 272.3 
 469.5 203.0 467.9 177.0 
34947
 474.2 274.7 478.4 220.0 
 465.1 254.7 465.1 220.1 
 499.3 268.7 504.7 221.4 
 444.5 276.5 465.3 258.1 
 493.2 306.1 499.6 274.9 
 470.9 202.9 468.8 177.7 
35444
 388.1 195.1 391.5 234.9 
 351.6 217.4 369.4 181.0 
 425.9 239.1 417.5 189.8 
 339.5 246.9 350.7 219.4 
 428.5 278.7 428.1 245.8 
 384.6 185.4 387.2 161.5 
35479
 336.6 146.3 335.1 210.9 
 289.8 171.4 311.4 144.7 
 392.7 160.8 366.4 140.5 
 303.0 206.8 287.0 177.0 
 383.9 199.6 396.0 166.6 
 330.9 126.8 329.9 99.7 
35493
 334.6 211.5 337.2 142.1 
 299.7 167.6 317.7 143.9 
 401.6 171.0 371.4 140.2 
 307.4 196.4 295.0 172.5 
 376.5 203.9 403.7 177.5 
 334.9 121.5 334.6 93.4 
35528
 337.6 208.3 337.2 144.0 
 309.9 170.3 321.5 145.4 
 401.5 173.0 365.3 137.7 
 319.1 200.3 306.0 175.9 
 379.3 209.8 402.6 179.7 
 335.9 120.5 335.0 91.0 
35805
 338.8 144.5 337.1 213.1 
 313.3 171.7 318.9 145.2 
 403.7 175.9 371.5 140.1 
 315.2 199.0 310.0 174.8 
 370.9 208.0 404.5 180.4 
 335.4 117.8 342.6 90.3 
35861
 345.0 143.2 341.9 215.3 
 320.8 179.1 331.3 151.0 
 403.4 175.7 380.1 145.2 
 306.2 174.9 317.6 188.5 
 373.6 212.0 403.7 185.9 
 349.1 124.7 347.3 93.3 
35885
 342.9 144.2 337.1 212.3 
 315.4 167.7 329.1 142.6 
 403.3 180.0 373.0 138.8 
 320.4 199.0 311.4 171.9 
 378.0 209.9 404.4 186.2 
 343.0 124.1 342.7 94.2 
35933
 343.6 143.0 340.3 214.5 
 316.5 173.0 328.1 143.9 
 403.3 176.2 372.7 140.7 
 321.0 202.6 312.0 178.2 
 377.7 213.1 405.4 185.0 
 342.5 121.6 339.9 93.8 
36340
 567.4 230.7 551.5 341.8 
 496.9 302.0 509.5 228.4 
 622.1 309.2 625.8 236.9 
 480.0 361.9 494.6 310.3 
 617.3 394.2 621.1 316.3 
 566.2 196.8 579.2 147.5 
36349
 557.3 203.1 543.2 330.7 
 486.9 280.0 497.0 197.1 
 623.1 303.4 619.0 221.4 
 472.1 370.2 483.3 292.9 
 629.3 388.8 623.4 312.4 
 550.3 166.4 560.0 109.4 
36355
 538.3 195.9 528.0 341.8 
 484.2 270.3 486.4 195.0 
 625.6 312.9 603.5 213.1 
 462.8 348.1 481.9 278.4 
 641.9 405.4 627.2 320.4 
 531.1 160.5 531.1 102.9 
36376
 435.0 190.5 424.6 327.0 
 392.1 281.5 386.6 204.9 
 495.6 306.7 485.2 227.5 
 372.0 358.7 385.3 286.2 
 506.0 387.8 496.0 314.7 
 429.9 126.7 429.4 174.3 
37037
 222.8 404.4 219.5 230.6 
 129.7 358.4 142.9 239.6 
 321.2 355.5 309.2 222.0 
 112.0 384.0 174.8 369.5 
 236.0 395.7 325.0 367.5 
 234.8 184.3 252.8 108.7 
37065
 228.1 405.0 219.6 231.5 
 159.5 353.5 131.9 226.3 
 306.4 350.9 309.2 225.9 
 142.5 375.8 192.6 361.3 
 263.5 395.0 311.4 360.1 
 234.0 183.4 236.8 108.1 
37077
 221.6 227.9 237.8 404.4 
 158.1 362.0 132.1 237.5 
 310.0 351.1 308.3 224.0 
 138.4 369.7 179.2 377.8 
 245.8 404.7 311.5 360.5 
 234.9 187.2 234.2 116.7 
37113
 221.4 231.2 232.7 404.1 
 158.0 358.5 135.8 232.4 
 312.2 353.8 310.4 229.1 
 144.6 367.6 178.6 375.9 
 247.4 404.6 316.3 362.1 
 240.6 190.2 237.6 116.1 
38493
 356.5 213.0 356.5 378.2 
 255.0 291.6 268.9 203.3 
 494.9 295.5 454.4 214.5 
 227.3 376.9 250.6 301.5 
 504.9 371.2 502.0 298.6 
 374.3 172.8 378.8 97.3 
38549
 366.1 201.3 356.6 378.9 
 267.6 280.9 282.7 208.5 
 527.5 297.8 469.7 209.5 
 234.3 388.6 265.8 292.6 
 531.5 303.6 562.7 349.1 
 393.1 169.8 389.5 82.2 
38556
 356.0 202.1 347.6 376.0 
 265.7 285.2 275.0 211.1 
 501.2 306.5 457.0 208.7 
 226.7 385.3 264.3 292.9 
 509.5 347.5 501.0 309.0 
 389.5 153.2 390.2 67.5 
38605
 354.4 239.9 358.0 392.5 
 266.2 306.5 269.8 234.7 
 474.8 340.1 456.7 226.1 
 267.9 387.3 258.6 316.4 
 434.6 405.9 475.8 349.0 
 352.4 191.0 349.4 105.7 
43765
 280.9 174.2 290.1 285.4 
 213.2 239.8 226.3 187.4 
 337.0 212.8 327.4 167.5 
 201.6 250.3 239.2 258.8 
 339.7 223.8 367.7 235.9 
 288.1 151.2 288.1 105.8 
43769
 294.3 165.3 297.9 287.8 
 203.7 199.0 236.0 171.3 
 387.3 176.2 350.6 163.1 
 182.3 229.8 201.7 213.0 
 394.4 178.5 440.3 174.2 
 296.8 146.8 296.8 98.9 
43775
 289.3 151.8 305.5 294.6 
 217.7 207.4 236.2 162.4 
 359.4 199.0 331.4 143.5 
 215.6 244.7 246.1 187.4 
 366.7 209.1 388.3 169.0 
 294.2 133.8 296.8 81.5 
43777
 290.1 157.8 309.6 286.7 
 240.4 209.1 227.5 157.6 
 353.8 202.0 323.1 141.1 
 236.8 212.7 267.2 225.3 
 358.3 208.3 412.0 213.4 
 293.0 134.6 294.0 79.2 
44087
 237.8 159.7 241.9 322.4 
 138.5 247.5 151.9 169.0 
 306.4 221.1 297.1 156.9 
 137.2 256.0 219.9 271.4 
 297.2 263.5 308.0 228.0 
 242.2 129.4 243.8 70.4 
44089
 239.7 324.4 237.1 160.4 
 133.3 246.8 157.6 167.6 
 301.8 221.3 288.5 150.7 
 134.7 258.3 215.3 274.1 
 295.9 260.3 307.7 227.2 
 241.7 129.2 242.2 71.8 
44095
 232.1 160.4 239.5 325.4 
 133.4 249.2 146.5 170.4 
 298.6 221.3 288.6 157.2 
 131.7 258.2 213.0 273.1 
 290.0 263.4 301.3 228.0 
 237.0 131.2 238.1 72.2 
44101
 234.9 326.7 225.7 164.4 
 129.4 251.9 144.9 170.5 
 291.7 223.0 283.6 157.9 
 132.5 263.4 212.7 274.7 
 287.4 265.8 294.6 228.1 
 235.4 135.9 234.9 75.7 
44656
 269.4 194.5 273.4 302.6 
 192.1 239.2 212.0 193.4 
 329.9 243.7 316.8 188.7 
 176.0 247.6 188.8 241.5 
 351.5 310.8 336.6 249.1 
 262.5 164.1 260.3 124.1 
44657
 269.6 191.7 266.0 305.3 
 205.0 223.8 211.0 192.9 
 344.3 256.8 329.7 199.7 
 201.9 229.1 183.4 250.6 
 344.7 265.3 351.4 302.7 
 260.8 160.6 261.2 116.2 
44659
 267.2 180.4 266.4 295.8 
 213.0 235.4 218.9 182.7 
 327.2 176.5 341.6 237.0 
 188.6 260.3 210.1 249.1 
 366.7 305.4 341.6 244.4 
 262.0 145.8 262.0 100.0 
44661
 276.8 179.8 281.1 295.0 
 228.0 249.3 228.5 196.9 
 365.0 245.7 338.1 179.4 
 200.0 263.5 227.8 258.0 
 381.2 328.3 364.4 250.5 
 272.5 149.5 269.6 102.4 
47225
 258.9 164.4 258.9 319.5 
 178.0 267.0 194.8 176.9 
 340.7 263.5 335.2 176.1 
 190.0 328.6 175.7 274.0 
 357.1 341.6 341.4 272.3 
 270.3 134.4 266.6 72.9 
47230
 264.9 169.3 267.9 313.6 
 201.2 245.5 198.0 172.5 
 338.7 270.3 334.2 186.1 
 219.2 274.1 193.8 249.8 
 350.4 340.5 339.0 285.9 
 273.2 135.9 270.2 73.6 
47232
 266.4 174.5 267.6 328.6 
 200.6 245.6 189.8 171.1 
 331.8 262.5 331.8 185.6 
 191.4 258.2 226.2 277.0 
 343.8 336.5 330.7 268.3 
 272.5 140.9 271.4 79.2 
47241
 259.0 184.0 254.9 344.1 
 187.5 264.7 178.6 180.3 
 311.0 178.3 314.0 252.5 
 222.5 311.3 176.9 273.8 
 315.4 333.9 311.0 264.1 
 263.4 156.6 264.1 94.9 
47840
 431.4 143.2 436.7 309.0 
 377.2 171.8 358.3 258.9 
 509.3 154.4 535.4 248.7 
 319.2 323.9 352.6 273.0 
 536.9 257.4 534.0 321.3 
 412.0 111.2 417.9 49.6 
47848
 433.7 142.9 439.9 308.5 
 366.3 174.6 343.0 266.3 
 536.5 253.2 520.5 167.4 
 308.2 342.1 340.8 273.2 
 551.0 352.1 539.4 270.6 
 418.4 112.2 420.1 51.1 
47855
 449.6 153.0 446.6 312.4 
 358.8 267.6 368.0 180.3 
 536.9 179.8 551.4 265.4 
 348.8 341.1 355.9 274.5 
 552.8 275.6 557.2 349.6 
 435.4 114.7 440.6 50.0 
47873
 483.7 149.7 466.5 321.7 
 396.3 267.4 410.9 188.5 
 574.3 176.8 590.3 283.0 
 366.2 343.5 389.5 274.1 
 590.3 374.6 594.7 294.6 
 476.9 115.6 482.1 51.5 
48104
 452.4 154.2 444.1 257.5 
 394.5 226.4 397.9 178.0 
 523.1 240.8 521.7 160.1 
 388.8 285.0 395.1 232.0 
 520.2 291.2 521.6 247.5 
 446.7 117.5 444.4 75.3 
48110
 453.4 145.9 444.6 257.2 
 394.3 231.9 397.7 172.3 
 523.9 242.0 524.4 164.6 
 388.7 284.9 394.5 238.7 
 518.4 293.7 521.1 247.9 
 446.0 116.9 444.0 73.7 
48112
 451.7 146.6 445.2 258.9 
 392.5 243.2 399.1 175.8 
 522.8 239.1 523.7 164.0 
 389.8 288.1 392.9 246.2 
 519.7 292.8 521.1 241.8 
 444.7 118.3 443.9 76.8 
48114
 452.0 148.3 446.4 258.3 
 392.3 229.2 396.4 173.6 
 521.8 236.4 521.1 157.2 
 387.5 289.2 393.3 237.3 
 520.8 287.9 520.8 241.8 
 444.6 117.2 443.1 76.5 
50474
 447.4 119.4 435.0 198.6 
 374.9 125.5 402.5 128.2 
 508.8 161.7 487.8 119.0 
 330.4 123.9 372.3 126.6 
 478.5 192.3 515.2 167.3 
 431.6 96.4 430.5 64.5 
50479
 451.9 118.8 447.5 206.5 
 374.1 124.5 405.7 126.0 
 517.5 175.5 503.7 128.4 
 330.4 119.6 370.3 124.2 
 530.8 224.2 518.6 182.2 
 440.5 97.2 439.7 63.4 
50488
 453.9 118.3 438.2 202.7 
 366.3 119.7 401.6 122.1 
 510.6 171.2 500.2 128.5 
 327.7 118.5 363.6 119.8 
 518.6 223.2 513.3 179.7 
 441.0 97.2 440.7 61.7 
50492
 451.4 118.0 436.4 197.6 
 371.2 120.6 404.5 120.1 
 505.3 170.1 498.5 132.9 
 329.5 118.0 367.7 120.7 
 505.8 225.1 506.3 178.2 
 443.8 95.5 442.0 62.1 
50566
 520.9 184.9 510.7 350.3 
 434.0 190.1 454.0 176.6 
 610.9 219.7 622.5 305.3 
 374.9 199.1 429.5 214.5 
 628.3 321.3 629.8 396.8 
 510.3 149.0 508.7 80.8 
50577
 529.2 195.0 526.3 357.9 
 439.9 193.1 460.1 180.1 
 638.5 312.7 628.8 228.0 
 387.5 192.6 432.1 216.5 
 640.6 401.3 639.4 328.6 
 520.9 152.8 517.1 80.5 
50589
 538.3 187.0 528.2 356.9 
 448.8 193.5 465.0 178.6 
 644.7 322.9 633.6 230.2 
 394.7 199.1 441.8 210.2 
 646.3 404.2 647.3 336.5 
 523.4 152.0 519.9 80.5 
50601
 535.0 187.0 530.7 351.4 
 448.5 191.6 466.2 179.4 
 644.8 319.3 636.8 229.3 
 401.2 203.6 447.9 214.6 
 648.6 404.1 645.8 332.4 
 525.9 147.7 525.9 80.3 
50702
 109.3 124.3 119.8 229.8 
 56.4 173.8 59.8 126.8 
 157.8 156.5 140.1 121.3 
 53.6 183.8 89.9 174.3 
 153.8 168.3 160.5 159.2 
 111.7 98.1 111.7 66.0 
50708
 109.4 123.0 125.9 223.8 
 55.5 174.6 55.5 125.8 
 152.9 153.0 139.6 119.7 
 52.1 186.4 95.2 173.9 
 151.8 164.6 153.8 154.7 
 113.8 98.9 112.9 67.3 
50714
 108.0 125.3 122.8 227.3 
 58.9 173.8 57.1 127.7 
 155.2 148.8 139.0 116.8 
 54.3 185.8 101.5 173.9 
 151.6 167.5 158.3 154.4 
 113.6 100.6 113.0 68.5 
50724
 119.5 124.7 133.7 221.6 
 64.7 171.0 67.7 126.5 
 162.3 147.9 148.3 117.5 
 63.2 184.4 107.9 173.7 
 158.0 161.9 165.1 152.8 
 123.5 102.2 123.5 66.4 
50788
 197.9 139.8 192.3 275.5 
 119.5 234.3 133.4 160.8 
 246.3 239.9 246.3 158.4 
 109.5 295.6 115.6 243.4 
 240.9 300.4 247.2 247.5 
 208.5 116.1 209.9 75.6 
50792
 197.4 141.0 190.8 267.8 
 119.9 239.6 131.4 157.6 
 248.0 243.1 247.2 162.9 
 109.6 292.1 116.5 245.7 
 241.4 298.6 248.1 250.6 
 207.3 115.7 209.4 77.4 
50798
 196.2 140.2 192.3 269.6 
 117.9 238.5 128.8 161.6 
 246.5 234.2 245.9 165.8 
 103.9 292.5 112.3 243.9 
 240.6 297.3 246.9 241.4 
 204.7 117.2 206.2 76.5 
50801
 192.3 138.5 188.7 268.1 
 114.5 241.4 129.2 164.2 
 246.4 237.8 246.4 168.7 
 104.0 291.4 110.5 247.3 
 241.0 298.4 247.0 246.6 
 204.0 117.5 204.0 77.4 
51013
 509.9 179.1 484.6 354.8 
 397.4 216.9 431.1 172.8 
 595.1 211.1 599.7 303.8 
 356.3 224.2 383.8 259.7 
 604.4 396.9 599.3 310.7 
 490.5 140.7 489.2 69.6 
51029
 511.9 178.5 487.3 355.7 
 404.1 219.6 429.7 171.3 
 598.5 294.0 596.5 207.9 
 378.7 228.8 409.5 245.2 
 604.9 392.9 597.8 301.4 
 487.4 141.0 487.4 68.7 
51049
 502.4 182.5 481.7 355.9 
 382.1 251.4 416.3 187.7 
 598.7 305.8 591.6 208.0 
 356.0 268.0 374.6 296.2 
 605.5 398.9 601.6 314.8 
 480.8 141.8 477.1 68.9 
51066
 494.8 184.1 483.5 361.4 
 376.1 264.6 408.6 202.9 
 599.4 295.0 593.2 209.4 
 330.6 290.1 374.3 271.0 
 602.9 398.0 599.0 304.7 
 473.5 138.7 472.7 68.2 
51193
 470.1 186.7 451.7 358.9 
 371.9 286.0 392.2 213.5 
 571.2 291.1 570.3 208.8 
 330.1 310.4 370.5 291.9 
 555.7 320.6 571.4 295.4 
 459.2 142.3 459.2 61.8 
51195
 471.1 187.1 456.4 357.5 
 378.5 275.0 391.4 211.3 
 576.4 286.3 574.0 205.2 
 348.1 297.7 385.9 292.2 
 552.5 313.7 579.9 292.8 
 457.7 142.7 460.2 64.8 
51199
 471.0 190.0 454.0 359.5 
 393.5 286.6 392.7 223.1 
 578.8 291.1 576.4 208.5 
 374.6 314.7 394.8 296.2 
 544.7 345.1 584.5 301.3 
 457.7 149.7 458.4 72.5 
51202
 467.8 193.1 452.8 367.1 
 393.6 288.9 392.8 214.2 
 582.0 293.6 574.5 206.7 
 372.7 327.9 393.9 296.1 
 549.5 351.0 585.7 307.2 
 460.1 149.9 456.6 73.2 
51291
 475.8 183.7 448.5 351.9 
 401.9 200.8 391.7 289.4 
 586.2 211.0 581.9 311.1 
 387.4 311.1 381.5 388.1 
 579.0 328.6 587.7 396.8 
 462.2 142.5 464.5 68.3 
51307
 491.4 190.3 463.6 348.8 
 387.9 280.4 415.4 219.5 
 596.1 218.3 610.7 314.3 
 388.1 289.5 331.4 315.7 
 607.8 327.4 567.0 344.8 
 497.5 146.2 463.5 94.9 
51309
 490.1 175.5 462.8 349.0 
 396.6 281.2 415.1 220.3 
 597.8 220.4 605.1 301.7 
 334.0 354.4 398.3 294.3 
 602.2 306.1 586.2 375.7 
 490.0 147.6 455.0 90.0 
51317
 481.8 178.0 461.2 349.1 
 406.1 296.2 414.9 191.8 
 587.9 318.9 591.3 208.5 
 405.6 309.5 401.6 400.6 
 584.6 404.0 581.1 332.4 
 470.7 139.8 466.1 72.4 
51346
 550.4 366.7 554.1 236.6 
 494.2 197.5 517.8 224.5 
 602.5 325.0 609.4 240.2 
 488.9 195.1 446.9 144.7 
 580.1 396.5 604.3 333.6 
 554.9 190.0 563.1 140.3 
51349
 546.6 232.8 540.4 362.4 
 488.2 189.9 513.6 212.2 
 652.0 304.8 604.7 225.3 
 472.4 180.2 505.9 127.3 
 696.4 391.4 657.3 315.2 
 544.1 181.1 544.1 133.1 
51351
 540.2 230.2 536.1 376.3 
 482.9 208.4 515.1 216.6 
 659.8 291.6 605.4 226.6 
 466.9 204.9 523.1 164.5 
 707.0 353.8 662.8 297.0 
 535.3 187.1 537.2 136.0 
51355
 529.5 224.3 531.3 368.5 
 460.3 263.5 487.5 218.5 
 619.4 270.9 597.9 223.2 
 446.8 279.9 513.5 288.0 
 658.9 332.9 623.8 278.8 
 524.9 190.5 513.8 143.9 
52312
 238.4 157.6 257.9 329.4 
 138.6 266.7 150.8 168.5 
 322.1 230.1 303.4 159.6 
 143.7 277.5 233.7 302.1 
 319.6 280.5 323.0 237.6 
 245.0 135.5 249.2 62.1 
52315
 242.9 155.2 257.3 327.8 
 137.1 264.5 150.7 162.6 
 320.5 234.2 305.6 160.5 
 142.2 274.6 249.5 301.5 
 323.0 282.5 326.7 239.5 
 254.2 136.9 251.3 63.7 
52321
 247.8 157.3 266.4 329.0 
 138.1 268.9 150.3 165.2 
 317.3 231.5 302.5 165.6 
 144.5 279.4 243.6 305.4 
 318.8 284.9 321.4 241.4 
 257.6 135.6 258.3 67.3 
52353
 241.3 160.4 257.1 336.6 
 135.5 275.5 149.1 173.6 
 318.5 229.6 302.7 165.1 
 143.3 278.8 238.9 306.0 
 316.4 291.7 321.8 246.1 
 246.7 137.7 250.2 64.9 
52903
 239.4 176.6 253.5 361.7 
 126.8 285.2 147.0 172.1 
 319.8 243.6 305.9 174.9 
 128.0 306.6 226.0 300.1 
 317.0 289.5 322.2 252.0 
 245.8 152.1 247.1 72.0 
52915
 249.4 176.1 257.6 364.3 
 146.7 279.7 160.2 170.3 
 326.6 236.5 315.4 173.6 
 138.4 301.1 249.3 299.2 
 323.2 282.7 323.7 247.3 
 261.0 154.2 261.7 74.1 
52935
 241.1 176.3 253.5 357.2 
 159.3 220.1 152.1 142.7 
 327.8 193.8 291.4 143.0 
 158.5 266.8 210.1 183.8 
 327.3 244.9 280.6 158.2 
 245.6 81.2 246.8 161.4 
52950
 222.8 187.3 236.7 360.2 
 147.6 226.5 139.4 149.5 
 309.9 201.1 272.0 145.6 
 148.6 271.3 188.7 175.3 
 312.5 250.5 257.6 163.9 
 225.3 178.7 224.5 88.8 
53689
 352.4 230.5 359.9 333.2 
 326.1 279.1 321.3 224.2 
 420.0 294.2 404.0 231.6 
 326.8 332.7 326.3 282.6 
 416.9 363.4 420.9 299.5 
 345.7 199.1 345.7 156.9 
53690
 358.3 234.6 363.1 341.3 
 319.4 283.7 322.7 240.5 
 429.2 297.6 408.8 232.2 
 306.6 332.0 319.7 286.0 
 437.9 367.6 431.8 305.4 
 351.3 203.2 351.8 159.8 
53694
 384.0 254.6 384.0 366.8 
 307.6 294.7 333.9 261.0 
 461.3 310.6 438.9 258.0 
 257.8 345.5 305.0 298.9 
 488.7 371.6 466.4 314.8 
 373.6 222.6 374.0 177.5 
53696
 398.1 261.9 402.6 375.5 
 323.5 309.2 346.2 272.3 
 472.2 322.7 453.3 260.9 
 275.5 366.1 322.3 314.0 
 484.5 390.4 476.2 328.4 
 386.9 224.3 386.9 177.6 
53956
 479.4 241.8 471.7 365.8 
 421.0 309.3 428.2 249.7 
 542.2 311.2 539.1 247.8 
 417.2 380.4 420.8 317.2 
 546.1 392.4 543.9 326.7 
 471.7 212.5 470.8 166.7 
53962
 479.0 247.3 472.3 371.5 
 423.9 308.9 430.3 244.6 
 543.3 318.0 538.7 251.6 
 419.7 382.3 422.3 319.1 
 547.1 393.3 543.7 327.7 
 472.6 215.2 471.3 167.7 
53967
 478.2 250.8 474.9 371.3 
 424.3 310.4 429.0 246.4 
 542.3 306.3 540.0 251.4 
 419.3 383.6 422.2 321.7 
 546.6 399.1 543.5 317.8 
 473.4 216.8 471.5 169.9 
53971
 480.1 250.1 471.4 376.0 
 425.1 308.9 431.1 247.1 
 542.4 324.0 541.6 258.1 
 419.4 386.7 422.7 321.4 
 549.0 401.6 544.2 335.4 
 473.6 217.7 471.5 172.8 
54417
 458.4 184.2 428.3 360.5 
 296.9 209.2 380.8 159.7 
 555.7 290.6 562.2 202.3 
 190.4 263.0 281.5 212.3 
 563.3 340.5 559.3 297.5 
 452.9 135.7 450.7 52.1 
54418
 456.6 183.2 422.8 367.6 
 307.6 205.4 376.6 156.9 
 548.3 289.6 556.2 204.9 
 224.4 251.0 303.3 207.8 
 537.5 326.1 547.2 299.3 
 452.9 129.1 448.7 46.6 
54420
 445.2 161.0 420.2 360.1 
 355.8 213.6 373.6 149.9 
 526.0 287.6 538.8 191.2 
 280.4 266.6 348.8 216.7 
 502.0 321.8 537.9 311.1 
 437.8 120.5 431.9 39.8 
54437
 326.1 210.0 330.2 350.9 
 256.5 270.8 288.4 233.2 
 444.8 299.1 396.1 215.4 
 207.4 227.7 231.8 279.0 
 471.1 357.8 450.6 309.1 
 313.5 177.5 304.4 103.9 
54514
 371.7 383.3 436.5 233.9 
 404.7 222.8 398.6 167.9 
 433.3 302.9 472.3 266.3 
 409.2 159.1 462.9 144.7 
 399.7 372.2 423.5 313.9 
 451.2 226.2 458.6 175.8 
54515
 369.4 374.7 446.2 226.9 
 419.5 212.6 394.2 164.2 
 452.1 302.3 479.2 260.8 
 400.9 153.9 437.7 120.4 
 440.5 313.6 442.7 398.8 
 461.3 215.1 466.6 166.0 
54517
 408.9 348.6 488.9 214.0 
 361.1 193.9 433.3 205.1 
 522.3 263.7 518.3 307.5 
 352.7 184.9 344.3 148.1 
 598.0 400.9 525.8 319.9 
 494.8 201.7 496.6 156.3 
54519
 509.1 207.1 459.8 349.1 
 391.0 248.7 443.9 199.9 
 587.1 327.0 551.1 269.5 
 304.7 276.6 379.4 251.5 
 536.9 316.1 569.1 325.9 
 498.7 186.9 504.2 136.1 
54579
 391.1 142.5 261.4 62.1 
 347.3 145.5 351.6 211.4 
 414.5 125.4 472.3 144.7 
 353.5 226.8 422.6 237.9 
 477.3 148.5 509.1 201.7 
 401.5 162.1 400.3 210.1 
54581
 411.8 187.5 321.2 99.3 
 367.0 197.7 362.9 276.9 
 454.7 150.5 476.6 128.5 
 365.2 290.2 445.5 312.6 
 486.3 128.4 507.6 158.4 
 416.9 205.0 416.3 253.3 
54582
 419.0 218.5 359.3 120.0 
 376.5 236.7 358.8 306.0 
 460.0 168.0 484.2 128.8 
 359.0 318.5 435.3 333.7 
 491.9 129.2 509.1 149.5 
 426.4 228.1 425.5 279.6 
54583
 415.6 259.6 360.4 144.8 
 385.6 251.2 359.1 320.8 
 465.0 191.5 487.9 140.0 
 355.4 336.5 427.4 337.4 
 499.5 137.1 512.6 138.8 
 431.6 267.5 435.1 304.8 
57727
 489.2 217.3 469.5 313.1 
 380.3 307.0 419.9 204.7 
 550.0 276.8 555.2 187.7 
 376.1 390.1 376.7 310.7 
 513.1 365.6 548.5 286.7 
 497.6 213.7 510.0 153.3 
57731
 490.5 179.0 471.5 299.8 
 367.5 263.2 416.2 172.0 
 569.0 246.3 559.5 169.4 
 358.4 359.9 363.5 271.6 
 570.4 257.7 512.8 314.6 
 493.5 174.1 511.7 111.7 
57739
 496.5 135.7 487.5 291.6 
 383.5 228.6 423.7 147.2 
 575.3 205.1 561.9 137.9 
 371.2 329.6 378.7 246.2 
 575.5 239.4 524.4 173.4 
 497.4 130.4 517.8 81.0 
57745
 491.8 137.9 475.4 311.1 
 389.5 225.7 416.8 147.4 
 582.2 219.9 562.2 155.2 
 394.9 327.5 387.9 247.0 
 519.9 225.5 589.6 241.5 
 493.4 131.8 511.0 71.4 
57860
 275.4 200.0 264.0 404.5 
 183.5 304.1 203.3 205.1 
 379.5 316.4 372.3 206.4 
 170.2 309.2 198.5 325.3 
 287.1 341.6 394.7 346.6 
 257.3 158.6 255.7 69.9 
57862
 278.4 200.2 252.4 398.4 
 181.8 305.2 204.1 205.1 
 380.2 319.3 381.1 220.1 
 166.3 329.1 216.1 330.2 
 262.1 330.4 387.4 344.6 
 258.6 156.0 255.6 74.6 
57865
 277.3 199.2 258.4 405.2 
 177.5 301.5 202.7 203.1 
 376.2 318.0 380.7 206.9 
 159.8 325.6 220.7 328.8 
 280.6 329.6 389.8 348.2 
 258.8 160.1 258.8 71.9 
57887
 277.6 205.5 250.0 401.7 
 185.0 307.1 206.5 212.1 
 378.6 322.3 376.7 215.9 
 165.6 325.2 211.0 340.3 
 271.1 341.1 389.4 358.7 
 260.3 156.3 258.9 68.6 
57958
 274.0 194.2 262.8 406.0 
 181.2 317.9 197.4 210.0 
 374.2 331.1 370.1 200.5 
 212.9 403.3 173.6 326.1 
 310.0 404.6 380.3 349.7 
 269.2 140.3 269.2 60.2 
57959
 270.7 196.1 259.5 401.1 
 181.3 319.1 195.9 213.0 
 381.2 333.5 371.1 210.5 
 213.7 404.1 177.4 329.3 
 319.3 404.5 378.7 351.4 
 270.2 143.1 268.7 59.2 
57962
 272.4 198.0 265.6 402.4 
 183.8 318.7 194.4 212.4 
 379.3 330.9 375.0 214.3 
 212.3 404.4 177.6 329.3 
 317.1 403.5 380.5 348.0 
 266.6 137.9 267.3 55.9 
57964
 271.2 193.4 263.5 404.2 
 185.4 318.5 187.2 217.4 
 382.5 330.6 374.6 209.9 
 213.9 402.8 181.0 328.8 
 326.8 405.5 383.7 351.4 
 266.6 137.4 265.9 53.1 
58477
 201.5 180.6 200.5 302.2 
 90.4 212.0 147.3 175.4 
 251.5 168.4 297.7 208.8 
 82.3 218.3 143.7 250.6 
 248.3 244.7 298.5 215.4 
 201.1 143.7 190.0 93.5 
58480
 201.0 173.0 201.9 303.3 
 88.4 212.4 146.3 171.7 
 250.4 168.9 297.4 206.7 
 81.7 217.5 141.4 248.3 
 249.3 244.5 295.0 214.8 
 201.4 145.9 191.5 94.6 
58483
 201.1 182.8 202.0 306.4 
 86.1 213.8 151.2 170.0 
 247.2 168.0 301.0 210.2 
 84.3 218.8 147.1 252.2 
 245.8 243.7 299.3 214.9 
 201.9 146.5 191.9 97.6 
58486
 203.1 176.4 203.1 303.1 
 87.1 213.8 147.6 171.5 
 249.3 168.3 299.5 210.0 
 82.1 219.0 146.5 251.4 
 244.8 245.3 296.7 215.5 
 201.1 146.3 194.3 98.6 
58769
 335.5 213.5 335.5 396.4 
 236.2 330.5 254.8 219.4 
 390.1 301.6 397.6 214.9 
 290.3 398.6 235.5 341.1 
 390.7 310.2 402.0 361.2 
 339.0 173.4 337.5 101.6 
58778
 334.6 207.0 333.4 399.0 
 231.1 336.9 257.4 212.9 
 407.3 321.7 412.2 217.8 
 287.9 403.9 232.0 351.2 
 393.1 371.8 407.9 329.1 
 338.1 171.6 337.4 93.8 
58781
 335.8 213.7 337.2 395.9 
 240.8 345.1 258.8 215.2 
 414.3 328.1 417.2 225.7 
 287.9 405.2 238.5 359.0 
 396.6 383.2 414.5 332.7 
 339.7 180.6 340.3 94.2 
58784
 339.5 212.0 339.5 398.4 
 234.9 352.4 256.7 213.6 
 409.0 330.5 411.5 221.1 
 277.3 405.4 236.4 365.5 
 409.1 392.7 410.9 336.1 
 339.2 181.2 335.7 98.8 
59587
 194.9 154.6 193.7 343.8 
 96.8 304.1 98.7 181.5 
 238.0 247.9 235.1 153.8 
 96.5 311.1 88.2 404.8 
 262.2 357.5 236.4 257.4 
 187.8 133.4 187.8 63.3 
59659
 226.1 171.2 229.7 400.7 
 152.3 321.9 150.2 187.2 
 329.0 289.0 316.4 183.3 
 145.9 333.5 279.0 372.7 
 196.2 318.7 330.8 309.8 
 237.9 140.6 239.4 69.7 
59839
 234.5 190.4 230.2 405.5 
 144.7 352.7 157.1 220.3 
 304.5 309.5 336.7 205.0 
 137.0 370.3 215.7 363.1 
 163.9 324.7 303.4 338.8 
 253.5 160.0 237.5 87.4 
60091
 294.0 186.2 263.2 400.6 
 183.5 343.8 203.3 199.3 
 351.2 344.5 386.5 216.8 
 174.9 361.3 249.1 369.1 
 214.2 328.9 347.3 369.6 
 296.4 154.1 315.3 78.6 
60197
 198.8 137.5 200.1 210.5 
 173.5 186.9 174.8 143.8 
 232.4 149.0 240.2 189.5 
 170.0 227.6 174.4 190.3 
 249.6 221.5 240.6 193.6 
 201.3 120.3 201.3 90.9 
60203
 198.3 132.5 200.0 203.6 
 167.4 193.2 175.0 157.6 
 251.9 174.6 231.4 140.1 
 159.4 228.8 165.2 199.0 
 255.0 165.5 258.3 155.3 
 201.0 113.1 201.0 84.1 
60206
 193.3 130.1 196.1 202.5 
 168.0 190.0 173.3 159.5 
 251.1 160.7 228.6 135.8 
 161.0 226.9 166.2 196.8 
 255.3 155.3 259.2 147.5 
 199.4 111.3 201.0 86.4 
60209
 191.4 121.7 190.7 199.5 
 167.2 191.8 171.5 142.4 
 250.7 148.2 226.7 129.1 
 169.3 223.5 168.2 193.8 
 254.7 150.2 265.5 146.6 
 200.1 109.8 200.1 81.8 
61255
 428.2 148.6 436.0 255.9 
 372.0 230.7 374.9 169.9 
 480.8 220.3 472.8 159.4 
 384.0 287.3 370.2 234.6 
 484.2 278.2 483.7 225.6 
 422.0 130.8 425.1 93.7 
61269
 424.5 154.0 435.3 268.2 
 368.8 242.2 371.8 173.8 
 483.7 223.9 478.0 167.4 
 381.1 302.0 368.9 245.1 
 482.4 279.6 486.0 229.0 
 419.6 138.4 425.5 98.0 
61290
 459.0 155.1 447.0 280.2 
 400.4 239.4 404.2 178.9 
 520.2 243.8 518.5 168.3 
 395.6 301.9 397.9 243.1 
 506.1 316.4 521.0 248.6 
 455.5 137.6 460.8 92.4 
61311
 422.3 164.0 432.4 300.7 
 349.5 269.1 355.4 189.3 
 491.2 257.4 477.9 174.8 
 362.5 338.5 349.0 274.1 
 492.1 319.8 494.1 261.6 
 424.3 142.0 426.0 93.0 
61391
 302.3 172.3 303.3 328.7 
 237.6 250.9 281.9 176.8 
 344.0 270.1 368.4 177.6 
 190.7 248.2 230.4 256.6 
 242.8 290.2 340.8 285.5 
 297.2 152.3 295.3 99.0 
61419
 285.1 202.1 314.1 306.8 
 220.3 242.7 252.2 192.8 
 352.1 314.7 353.0 206.7 
 188.8 265.2 218.6 246.5 
 249.5 323.3 348.3 327.2 
 284.1 191.4 266.6 141.6 
61435
 307.7 173.2 323.7 310.9 
 285.7 238.8 284.7 164.7 
 415.4 258.3 377.0 169.1 
 232.3 263.5 283.4 245.7 
 349.8 275.2 415.8 277.5 
 304.3 171.3 295.6 111.2 
61443
 330.6 161.3 331.8 301.7 
 283.8 240.3 308.5 163.5 
 393.5 263.0 395.4 177.7 
 250.3 274.1 279.3 246.2 
 324.5 324.6 390.4 274.6 
 328.6 156.7 324.6 95.7 
61608
 438.5 173.9 438.5 330.7 
 348.5 255.0 370.4 193.9 
 520.2 270.7 503.6 180.8 
 350.2 277.5 344.1 256.9 
 510.6 349.7 521.4 280.6 
 433.0 149.4 438.0 95.7 
61623
 440.5 171.2 439.4 327.2 
 348.9 253.8 372.4 192.7 
 521.7 271.2 507.4 183.8 
 348.9 272.6 340.7 257.4 
 510.5 352.8 523.3 281.3 
 438.4 147.4 443.0 93.2 
61668
 438.9 163.8 440.1 323.1 
 354.2 274.1 365.4 192.1 
 517.8 261.9 508.2 177.7 
 362.9 359.4 348.2 278.8 
 512.1 348.6 520.8 276.2 
 434.7 144.1 438.0 87.1 
61683
 438.9 170.5 438.9 343.5 
 358.0 278.9 366.0 196.3 
 517.8 275.1 508.8 182.9 
 357.6 348.4 355.0 281.1 
 508.0 358.0 519.6 284.1 
 431.3 150.2 435.5 94.4 
62534
 333.6 161.7 331.7 311.8 
 297.2 247.5 295.6 178.1 
 415.1 273.5 392.3 174.1 
 258.3 330.0 295.3 260.5 
 343.0 348.4 414.7 287.0 
 318.6 146.8 312.6 83.9 
62574
 261.2 171.2 268.2 313.8 
 169.5 213.7 220.3 163.7 
 276.0 251.4 321.4 181.4 
 97.9 189.4 158.3 219.0 
 173.9 251.1 266.6 261.9 
 255.4 162.4 254.7 102.1 
62586
 242.7 162.4 298.8 313.6 
 153.0 240.6 197.8 187.7 
 315.5 233.4 302.9 146.7 
 125.7 258.3 141.4 242.1 
 254.5 301.4 317.3 245.8 
 232.7 146.5 198.2 98.2 
62596
 261.6 173.7 322.2 306.1 
 164.0 241.9 214.2 171.0 
 353.4 236.0 324.2 149.3 
 170.4 328.6 162.7 247.6 
 296.5 299.7 352.9 245.9 
 260.0 169.4 220.4 122.8 
62670
 273.5 110.4 257.3 246.1 
 189.6 181.5 224.5 105.4 
 300.7 192.3 332.9 124.2 
 174.4 248.9 182.9 188.7 
 236.8 264.0 298.8 202.0 
 289.0 90.3 307.7 50.7 
62679
 243.1 114.0 229.8 256.5 
 191.5 183.6 202.7 114.0 
 317.0 217.8 295.7 135.9 
 190.8 242.8 186.7 192.5 
 262.0 273.0 314.2 225.7 
 248.1 110.7 248.1 73.6 
62688
 237.9 118.2 239.7 261.2 
 167.7 202.0 183.1 125.1 
 321.7 210.0 298.2 133.6 
 176.5 268.0 164.7 213.2 
 304.5 264.3 326.7 217.0 
 250.4 117.6 253.7 76.7 
62697
 247.4 113.5 253.4 257.2 
 167.8 212.4 183.4 133.2 
 290.9 186.9 290.9 129.1 
 223.9 267.4 169.7 221.8 
 305.2 257.3 292.4 195.9 
 255.1 99.8 253.6 53.9 
